Delta,Time,CORE0_ENERGY (J),CORE0_FREQ (MHZ),CORE0_PSTATE,CORE0_VOLT (V),CPU_ENERGY (J),CPU_FREQUENCY_0,CPU_FREQUENCY_1,CPU_FREQUENCY_10,CPU_FREQUENCY_11,CPU_FREQUENCY_12,CPU_FREQUENCY_13,CPU_FREQUENCY_14,CPU_FREQUENCY_15,CPU_FREQUENCY_2,CPU_FREQUENCY_3,CPU_FREQUENCY_4,CPU_FREQUENCY_5,CPU_FREQUENCY_6,CPU_FREQUENCY_7,CPU_FREQUENCY_8,CPU_FREQUENCY_9,CPU_USAGE_0,CPU_USAGE_1,CPU_USAGE_10,CPU_USAGE_11,CPU_USAGE_12,CPU_USAGE_13,CPU_USAGE_14,CPU_USAGE_15,CPU_USAGE_2,CPU_USAGE_3,CPU_USAGE_4,CPU_USAGE_5,CPU_USAGE_6,CPU_USAGE_7,CPU_USAGE_8,CPU_USAGE_9,TOTAL_MEMORY,TOTAL_SWAP,USED_MEMORY,USED_SWAP
0,1708999657299,9205.140548706055,1933.3333333333333,0,1.35625,56674.199279785156,0,0,0,0,0,0,0,0,0,0,0,0,0,0,0,0,100,100,100,100,100,100,100,100,100,100,100,100,100,100,100,100,16455806976,7068995584,6962438144,0
104,1708999657299,9205.173400878906,4350,0,1.35,56674.53469848633,0,0,0,0,0,0,0,0,0,0,0,0,0,0,0,0,100,100,100,100,100,100,100,100,100,100,100,100,100,100,100,100,16455806976,7068995584,7011581952,0
109,1708999657405,7795.260879516602,1933.3333333333333,0,1.31875,56676.22445678711,0,0,0,0,0,0,0,0,0,0,0,0,0,0,0,0,100,100,100,100,100,100,100,100,100,100,100,100,100,100,100,100,16455806976,7068995584,7015550976,0
110,1708999657515,9205.349105834961,4350,0,1.375,56677.55946350098,0,0,0,0,0,0,0,0,0,0,0,0,0,0,0,0,100,100,100,100,100,100,100,100,100,100,100,100,100,100,100,100,16455806976,7068995584,7247073280,0
106,1708999657626,9205.460739135742,4350,0,1.325,56679.08790588379,0,0,0,0,0,0,0,0,0,0,0,0,0,0,0,0,100,100,100,100,100,100,100,100,100,100,100,100,100,100,100,100,16455806976,7068995584,7151763456,0
108,1708999657733,7743.123031616211,1933.3333333333333,0,1.34375,56680.289123535156,0,0,0,0,0,0,0,0,0,0,0,0,0,0,0,0,100,100,100,100,100,100,100,100,100,100,100,100,100,100,100,100,16455806976,7068995584,7128543232,0
107,1708999657841,8839.360916137695,4350,0,1.33125,56681.731857299805,0,0,0,0,0,0,0,0,0,0,0,0,0,0,0,0,100,100,100,100,100,100,100,100,100,100,100,100,100,100,100,100,16455806976,7068995584,7173013504,0
108,1708999657949,7743.552505493164,4350,0,1.38125,56684.06407165527,0,0,0,0,0,0,0,0,0,0,0,0,0,0,0,0,100,100,100,100,100,100,100,100,100,100,100,100,100,100,100,100,16455806976,7068995584,7281496064,0
107,1708999658058,8357.930587768555,4350,0,1.35625,56686.19692993164,0,0,0,0,0,0,0,0,0,0,0,0,0,0,0,0,100,100,100,100,100,100,100,100,100,100,100,100,100,100,100,100,16455806976,7068995584,7323291648,0
110,1708999658165,7744.282531738281,4250,0,1.325,56690.77603149414,0,0,0,0,0,0,0,0,0,0,0,0,0,0,0,0,100,100,100,100,100,100,100,100,100,100,100,100,100,100,100,100,16455806976,7068995584,7500369920,0
110,1708999658277,9206.521575927734,4350,0,1.3375,56693.480239868164,0,0,0,0,0,0,0,0,0,0,0,0,0,0,0,0,100,100,100,100,100,100,100,100,100,100,100,100,100,100,100,100,16455806976,7068995584,7593582592,0
111,1708999658387,9206.627990722656,4350,0,1.33125,56694.65019226074,0,0,0,0,0,0,0,0,0,0,0,0,0,0,0,0,100,100,100,100,100,100,100,100,100,100,100,100,100,100,100,100,16455806976,7068995584,7594418176,0
101,1708999658499,7744.865509033203,4350,0,1.30625,56695.71893310547,0,0,0,0,0,0,0,0,0,0,0,0,0,0,0,0,100,100,100,100,100,100,100,100,100,100,100,100,100,100,100,100,16455806976,7068995584,7594479616,0
112,1708999658601,9206.798645019531,1933.3333333333333,0,1.3,56696.74021911621,0,0,0,0,0,0,0,0,0,0,0,0,0,0,0,0,100,100,100,100,100,100,100,100,100,100,100,100,100,100,100,100,16455806976,7068995584,7595053056,0
112,1708999658714,8358.814422607422,4350,0,1.29375,56698.04577636719,0,0,0,0,0,0,0,0,0,0,0,0,0,0,0,0,100,100,100,100,100,100,100,100,100,100,100,100,100,100,100,100,16455806976,7068995584,7598981120,0
108,1708999658826,9206.830139160156,1650,2,1.325,56699.061599731445,0,0,0,0,0,0,0,0,0,0,0,0,0,0,0,0,100,100,100,100,100,100,100,100,100,100,100,100,100,100,100,100,16455806976,7068995584,7598833664,0
103,1708999658936,9206.922790527344,4350,0,1.3,56700.01708984375,0,0,0,0,0,0,0,0,0,0,0,0,0,0,0,0,100,100,100,100,100,100,100,100,100,100,100,100,100,100,100,100,16455806976,7068995584,7598563328,0
110,1708999659040,9207.062118530273,4350,0,1.30625,56700.88510131836,0,0,0,0,0,0,0,0,0,0,0,0,0,0,0,0,100,100,100,100,100,100,100,100,100,100,100,100,100,100,100,100,16455806976,7068995584,7598034944,0
105,1708999659150,9207.141571044922,4350,0,1.275,56701.776779174805,0,0,0,0,0,0,0,0,0,0,0,0,0,0,0,0,100,100,100,100,100,100,100,100,100,100,100,100,100,100,100,100,16455806976,7068995584,7597801472,0
111,1708999659256,9207.16098022461,4350,0,1.30625,56702.67658996582,0,0,0,0,0,0,0,0,0,0,0,0,0,0,0,0,100,100,100,100,100,100,100,100,100,100,100,100,100,100,100,100,16455806976,7068995584,7597178880,0
108,1708999659368,7745.524765014648,4350,0,1.26875,56703.613693237305,0,0,0,0,0,0,0,0,0,0,0,0,0,0,0,0,100,100,100,100,100,100,100,100,100,100,100,100,100,100,100,100,16455806976,7068995584,7596871680,0
107,1708999659477,9207.315475463867,4350,0,1.30625,56704.50965881348,0,0,0,0,0,0,0,0,0,0,0,0,0,0,0,0,100,100,100,100,100,100,100,100,100,100,100,100,100,100,100,100,16455806976,7068995584,7596523520,0
101,1708999659584,7745.694641113281,1933.3333333333333,0,1.275,56705.439453125,0,0,0,0,0,0,0,0,0,0,0,0,0,0,0,0,100,100,100,100,100,100,100,100,100,100,100,100,100,100,100,100,16455806976,7068995584,7596412928,0
107,1708999659686,9207.475570678711,4350,0,1.29375,56706.29461669922,0,0,0,0,0,0,0,0,0,0,0,0,0,0,0,0,100,100,100,100,100,100,100,100,100,100,100,100,100,100,100,100,16455806976,7068995584,7596908544,0
107,1708999659793,7745.824691772461,1933.3333333333333,0,1.3,56707.21537780762,0,0,0,0,0,0,0,0,0,0,0,0,0,0,0,0,100,100,100,100,100,100,100,100,100,100,100,100,100,100,100,100,16455806976,7068995584,7597813760,0
114,1708999659902,9207.622619628906,4350,0,1.3,56708.066314697266,0,0,0,0,0,0,0,0,0,0,0,0,0,0,0,0,100,100,100,100,100,100,100,100,100,100,100,100,100,100,100,100,16455806976,7068995584,7598284800,0
101,1708999660016,9207.640579223633,4350,0,1.26875,56708.944900512695,0,0,0,0,0,0,0,0,0,0,0,0,0,0,0,0,100,100,100,100,100,100,100,100,100,100,100,100,100,100,100,100,16455806976,7068995584,7598903296,0
105,1708999660118,9207.728454589844,1933.3333333333333,0,1.3,56709.88056945801,0,0,0,0,0,0,0,0,0,0,0,0,0,0,0,0,100,100,100,100,100,100,100,100,100,100,100,100,100,100,100,100,16455806976,7068995584,7602708480,0
108,1708999660224,9207.800308227539,1650,0,1.30625,56710.70690917969,0,0,0,0,0,0,0,0,0,0,0,0,0,0,0,0,100,100,100,100,100,100,100,100,100,100,100,100,100,100,100,100,16455806976,7068995584,7602184192,0
112,1708999660333,9207.899139404297,4350,0,1.29375,56711.61364746094,0,0,0,0,0,0,0,0,0,0,0,0,0,0,0,0,100,100,100,100,100,100,100,100,100,100,100,100,100,100,100,100,16455806976,7068995584,7601688576,0
105,1708999660446,7746.230865478516,4350,0,1.3125,56712.49668884277,0,0,0,0,0,0,0,0,0,0,0,0,0,0,0,0,100,100,100,100,100,100,100,100,100,100,100,100,100,100,100,100,16455806976,7068995584,7602225152,0
105,1708999660552,7746.284362792969,4350,0,1.3,56713.377182006836,0,0,0,0,0,0,0,0,0,0,0,0,0,0,0,0,100,100,100,100,100,100,100,100,100,100,100,100,100,100,100,100,16455806976,7068995584,7601815552,0
108,1708999660657,7800.400192260742,4350,0,1.31875,56714.29786682129,0,0,0,0,0,0,0,0,0,0,0,0,0,0,0,0,100,100,100,100,100,100,100,100,100,100,100,100,100,100,100,100,16455806976,7068995584,7600672768,0
111,1708999660766,9208.207214355469,4350,0,1.31875,56715.12985229492,0,0,0,0,0,0,0,0,0,0,0,0,0,0,0,0,100,100,100,100,100,100,100,100,100,100,100,100,100,100,100,100,16455806976,7068995584,7600201728,0
102,1708999660878,9208.299865722656,4350,0,1.34375,56716.09510803223,0,0,0,0,0,0,0,0,0,0,0,0,0,0,0,0,100,100,100,100,100,100,100,100,100,100,100,100,100,100,100,100,16455806976,7068995584,7600435200,0
104,1708999660981,9208.415725708008,4350,0,1.35625,56717.09631347656,0,0,0,0,0,0,0,0,0,0,0,0,0,0,0,0,100,100,100,100,100,100,100,100,100,100,100,100,100,100,100,100,16455806976,7068995584,7601758208,0
111,1708999661085,9208.51237487793,4350,0,1.325,56718.229721069336,0,0,0,0,0,0,0,0,0,0,0,0,0,0,0,0,100,100,100,100,100,100,100,100,100,100,100,100,100,100,100,100,16455806976,7068995584,7602188288,0
104,1708999661198,9208.60710144043,4350,0,1.3,56719.3600769043,0,0,0,0,0,0,0,0,0,0,0,0,0,0,0,0,100,100,100,100,100,100,100,100,100,100,100,100,100,100,100,100,16455806976,7068995584,7599411200,0
106,1708999661303,9208.721405029297,1933.3333333333333,0,1.3375,56720.471740722656,0,0,0,0,0,0,0,0,0,0,0,0,0,0,0,0,100,100,100,100,100,100,100,100,100,100,100,100,100,100,100,100,16455806976,7068995584,7602913280,0
101,1708999661409,9208.820068359375,4350,0,1.3625,56721.58834838867,0,0,0,0,0,0,0,0,0,0,0,0,0,0,0,0,100,100,100,100,100,100,100,100,100,100,100,100,100,100,100,100,16455806976,7068995584,7613939712,0
105,1708999661511,9208.918426513672,4350,0,1.275,56722.56692504883,0,0,0,0,0,0,0,0,0,0,0,0,0,0,0,0,100,100,100,100,100,100,100,100,100,100,100,100,100,100,100,100,16455806976,7068995584,7613489152,0
102,1708999661618,9208.955841064453,1650,2,1.325,56723.40010070801,0,0,0,0,0,0,0,0,0,0,0,0,0,0,0,0,100,100,100,100,100,100,100,100,100,100,100,100,100,100,100,100,16455806976,7068995584,7613509632,0
102,1708999661721,9209.041702270508,4350,0,1.34375,56724.42286682129,0,0,0,0,0,0,0,0,0,0,0,0,0,0,0,0,100,100,100,100,100,100,100,100,100,100,100,100,100,100,100,100,16455806976,7068995584,7612665856,0
102,1708999661823,7747.117614746094,1780,1,1.36875,56726.119552612305,0,0,0,0,0,0,0,0,0,0,0,0,0,0,0,0,100,100,100,100,100,100,100,100,100,100,100,100,100,100,100,100,16455806976,7068995584,7612080128,0
105,1708999661926,9209.31901550293,4350,0,1.36875,56727.433349609375,0,0,0,0,0,0,0,0,0,0,0,0,0,0,0,0,100,100,100,100,100,100,100,100,100,100,100,100,100,100,100,100,16455806976,7068995584,7611699200,0
107,1708999662032,9209.497543334961,4350,0,1.36875,56729.15235900879,0,0,0,0,0,0,0,0,0,0,0,0,0,0,0,0,100,100,100,100,100,100,100,100,100,100,100,100,100,100,100,100,16455806976,7068995584,7611265024,0
105,1708999662140,9209.685241699219,4350,0,1.375,56730.97131347656,0,0,0,0,0,0,0,0,0,0,0,0,0,0,0,0,100,100,100,100,100,100,100,100,100,100,100,100,100,100,100,100,16455806976,7068995584,7610642432,0
106,1708999662246,7803.063613891602,1933.3333333333333,0,1.3125,56732.271072387695,0,0,0,0,0,0,0,0,0,0,0,0,0,0,0,0,100,100,100,100,100,100,100,100,100,100,100,100,100,100,100,100,16455806976,7068995584,7608889344,0
112,1708999662353,8844.250915527344,1933.3333333333333,0,1.3,56733.18778991699,0,0,0,0,0,0,0,0,0,0,0,0,0,0,0,0,100,100,100,100,100,100,100,100,100,100,100,100,100,100,100,100,16455806976,7068995584,7608602624,0
103,1708999662465,7747.558639526367,1933.3333333333333,0,1.3125,56734.706451416016,0,0,0,0,0,0,0,0,0,0,0,0,0,0,0,0,100,100,100,100,100,100,100,100,100,100,100,100,100,100,100,100,16455806976,7068995584,7608270848,0
105,1708999662569,9210.26968383789,4350,0,1.3375,56736.065826416016,0,0,0,0,0,0,0,0,0,0,0,0,0,0,0,0,100,100,100,100,100,100,100,100,100,100,100,100,100,100,100,100,16455806976,7068995584,7614312448,0
103,1708999662675,9210.447860717773,4350,0,1.35625,56737.66101074219,0,0,0,0,0,0,0,0,0,0,0,0,0,0,0,0,100,100,100,100,100,100,100,100,100,100,100,100,100,100,100,100,16455806976,7068995584,7613104128,0
107,1708999662778,9210.601181030273,4350,0,1.3625,56739.27130126953,0,0,0,0,0,0,0,0,0,0,0,0,0,0,0,0,100,100,100,100,100,100,100,100,100,100,100,100,100,100,100,100,16455806976,7068995584,7612395520,0
110,1708999662886,9210.752258300781,4350,0,1.35625,56740.739013671875,0,0,0,0,0,0,0,0,0,0,0,0,0,0,0,0,100,100,100,100,100,100,100,100,100,100,100,100,100,100,100,100,16455806976,7068995584,7613456384,0
113,1708999662997,9211.027801513672,4350,0,1.31875,56742.41850280762,0,0,0,0,0,0,0,0,0,0,0,0,0,0,0,0,100,100,100,100,100,100,100,100,100,100,100,100,100,100,100,100,16455806976,7068995584,7609077760,0
103,1708999663111,7805.133087158203,4350,0,1.35625,56744.08023071289,0,0,0,0,0,0,0,0,0,0,0,0,0,0,0,0,100,100,100,100,100,100,100,100,100,100,100,100,100,100,100,100,16455806976,7068995584,7609511936,0
111,1708999663215,7805.365753173828,4350,0,1.3625,56745.316146850586,0,0,0,0,0,0,0,0,0,0,0,0,0,0,0,0,100,100,100,100,100,100,100,100,100,100,100,100,100,100,100,100,16455806976,7068995584,7609151488,0
107,1708999663326,9211.512756347656,4350,0,1.3625,56746.85513305664,0,0,0,0,0,0,0,0,0,0,0,0,0,0,0,0,100,100,100,100,100,100,100,100,100,100,100,100,100,100,100,100,16455806976,7068995584,7604625408,0
109,1708999663434,9211.739196777344,4350,0,1.38125,56748.33436584473,0,0,0,0,0,0,0,0,0,0,0,0,0,0,0,0,100,100,100,100,100,100,100,100,100,100,100,100,100,100,100,100,16455806976,7068995584,7605800960,0
108,1708999663544,9211.875442504883,4350,0,1.3125,56749.96955871582,0,0,0,0,0,0,0,0,0,0,0,0,0,0,0,0,100,100,100,100,100,100,100,100,100,100,100,100,100,100,100,100,16455806976,7068995584,7605366784,0
108,1708999663653,9212.102966308594,4350,0,1.33125,56751.52960205078,0,0,0,0,0,0,0,0,0,0,0,0,0,0,0,0,100,100,100,100,100,100,100,100,100,100,100,100,100,100,100,100,16455806976,7068995584,7614062592,0
106,1708999663762,7748.535934448242,4350,0,1.33125,56752.912033081055,0,0,0,0,0,0,0,0,0,0,0,0,0,0,0,0,100,100,100,100,100,100,100,100,100,100,100,100,100,100,100,100,16455806976,7068995584,7613652992,0
107,1708999663868,9212.328842163086,4350,0,1.35,56754.433013916016,0,0,0,0,0,0,0,0,0,0,0,0,0,0,0,0,100,100,100,100,100,100,100,100,100,100,100,100,100,100,100,100,16455806976,7068995584,7613267968,0
107,1708999663976,7748.80647277832,4350,0,1.35625,56755.92660522461,0,0,0,0,0,0,0,0,0,0,0,0,0,0,0,0,100,100,100,100,100,100,100,100,100,100,100,100,100,100,100,100,16455806976,7068995584,7612850176,0
102,1708999664084,9212.662414550781,4350,0,1.3375,56757.40672302246,0,0,0,0,0,0,0,0,0,0,0,0,0,0,0,0,100,100,100,100,100,100,100,100,100,100,100,100,100,100,100,100,16455806976,7068995584,7611510784,0
107,1708999664186,9212.885345458984,4350,0,1.34375,56758.866607666016,0,0,0,0,0,0,0,0,0,0,0,0,0,0,0,0,100,100,100,100,100,100,100,100,100,100,100,100,100,100,100,100,16455806976,7068995584,7611793408,0
102,1708999664294,9213.211242675781,4350,0,1.35625,56760.34442138672,0,0,0,0,0,0,0,0,0,0,0,0,0,0,0,0,100,100,100,100,100,100,100,100,100,100,100,100,100,100,100,100,16455806976,7068995584,7610281984,0
109,1708999664397,9475.770614624023,1933.3333333333333,0,1.35,56761.86866760254,0,0,0,0,0,0,0,0,0,0,0,0,0,0,0,0,100,100,100,100,100,100,100,100,100,100,100,100,100,100,100,100,16455806976,7068995584,7609712640,0
103,1708999664506,9213.560577392578,4350,0,1.35625,56763.37666320801,0,0,0,0,0,0,0,0,0,0,0,0,0,0,0,0,100,100,100,100,100,100,100,100,100,100,100,100,100,100,100,100,16455806976,7068995584,7609274368,0
107,1708999664610,7749.471694946289,1780,1,1.36875,56764.81053161621,0,0,0,0,0,0,0,0,0,0,0,0,0,0,0,0,100,100,100,100,100,100,100,100,100,100,100,100,100,100,100,100,16455806976,7068995584,7614570496,0
108,1708999664718,7749.608383178711,4350,0,1.31875,56766.27185058594,0,0,0,0,0,0,0,0,0,0,0,0,0,0,0,0,100,100,100,100,100,100,100,100,100,100,100,100,100,100,100,100,16455806976,7068995584,7614144512,0
107,1708999664826,9214.173431396484,1650,2,1.34375,56767.66606140137,0,0,0,0,0,0,0,0,0,0,0,0,0,0,0,0,100,100,100,100,100,100,100,100,100,100,100,100,100,100,100,100,16455806976,7068995584,7613739008,0
107,1708999664935,9214.303695678711,4350,0,1.34375,56769.24604797363,0,0,0,0,0,0,0,0,0,0,0,0,0,0,0,0,100,100,100,100,100,100,100,100,100,100,100,100,100,100,100,100,16455806976,7068995584,7613239296,0
112,1708999665042,7749.851486206055,4350,0,1.39375,56770.783264160156,0,0,0,0,0,0,0,0,0,0,0,0,0,0,0,0,100,100,100,100,100,100,100,100,100,100,100,100,100,100,100,100,16455806976,7068995584,7612854272,0
106,1708999665155,9214.65805053711,4350,0,1.3375,56772.34046936035,0,0,0,0,0,0,0,0,0,0,0,0,0,0,0,0,100,100,100,100,100,100,100,100,100,100,100,100,100,100,100,100,16455806976,7068995584,7612301312,0
106,1708999665262,7750.123718261719,1933.3333333333333,0,1.33125,56773.86636352539,0,0,0,0,0,0,0,0,0,0,0,0,0,0,0,0,100,100,100,100,100,100,100,100,100,100,100,100,100,100,100,100,16455806976,7068995584,7611822080,0
107,1708999665369,7750.180938720703,4350,0,1.36875,56775.375747680664,0,0,0,0,0,0,0,0,0,0,0,0,0,0,0,0,100,100,100,100,100,100,100,100,100,100,100,100,100,100,100,100,16455806976,7068995584,7612006400,0
105,1708999665477,7750.265350341797,4350,0,1.35625,56776.95162963867,0,0,0,0,0,0,0,0,0,0,0,0,0,0,0,0,100,100,100,100,100,100,100,100,100,100,100,100,100,100,100,100,16455806976,7068995584,7611596800,0
103,1708999665583,9215.471984863281,1933.3333333333333,0,1.375,56778.53109741211,0,0,0,0,0,0,0,0,0,0,0,0,0,0,0,0,100,100,100,100,100,100,100,100,100,100,100,100,100,100,100,100,16455806976,7068995584,7611514880,0
106,1708999665687,7750.403244018555,1780,1,1.35625,56779.99481201172,0,0,0,0,0,0,0,0,0,0,0,0,0,0,0,0,100,100,100,100,100,100,100,100,100,100,100,100,100,100,100,100,16455806976,7068995584,7614595072,0
107,1708999665794,7750.498550415039,4350,0,1.33125,56781.62268066406,0,0,0,0,0,0,0,0,0,0,0,0,0,0,0,0,100,100,100,100,100,100,100,100,100,100,100,100,100,100,100,100,16455806976,7068995584,7614185472,0
105,1708999665902,7750.5673828125,1933.3333333333333,0,1.36875,56783.040115356445,0,0,0,0,0,0,0,0,0,0,0,0,0,0,0,0,100,100,100,100,100,100,100,100,100,100,100,100,100,100,100,100,16455806976,7068995584,7614939136,0
106,1708999666008,9216.07534790039,4350,0,1.35,56784.53305053711,0,0,0,0,0,0,0,0,0,0,0,0,0,0,0,0,100,100,100,100,100,100,100,100,100,100,100,100,100,100,100,100,16455806976,7068995584,7614595072,0
104,1708999666115,7750.767852783203,4350,0,1.375,56786.047271728516,0,0,0,0,0,0,0,0,0,0,0,0,0,0,0,0,100,100,100,100,100,100,100,100,100,100,100,100,100,100,100,100,16455806976,7068995584,7613931520,0
107,1708999666220,9216.421371459961,1933.3333333333333,0,1.33125,56787.452056884766,0,0,0,0,0,0,0,0,0,0,0,0,0,0,0,0,100,100,100,100,100,100,100,100,100,100,100,100,100,100,100,100,16455806976,7068995584,7613513728,0
106,1708999666327,9216.538543701172,1650,2,1.38125,56789.06410217285,0,0,0,0,0,0,0,0,0,0,0,0,0,0,0,0,100,100,100,100,100,100,100,100,100,100,100,100,100,100,100,100,16455806976,7068995584,7610155008,0
103,1708999666434,9216.678344726563,4350,0,1.38125,56790.52412414551,0,0,0,0,0,0,0,0,0,0,0,0,0,0,0,0,100,100,100,100,100,100,100,100,100,100,100,100,100,100,100,100,16455806976,7068995584,7610376192,0
104,1708999666538,9216.83642578125,4350,0,1.33125,56792.06359863281,0,0,0,0,0,0,0,0,0,0,0,0,0,0,0,0,100,100,100,100,100,100,100,100,100,100,100,100,100,100,100,100,16455806976,7068995584,7609987072,0
109,1708999666643,9217.030044555664,1650,2,1.35625,56793.585998535156,0,0,0,0,0,0,0,0,0,0,0,0,0,0,0,0,100,100,100,100,100,100,100,100,100,100,100,100,100,100,100,100,16455806976,7068995584,7615643648,0
105,1708999666752,7751.140914916992,4350,0,1.31875,56795.10217285156,0,0,0,0,0,0,0,0,0,0,0,0,0,0,0,0,100,100,100,100,100,100,100,100,100,100,100,100,100,100,100,100,16455806976,7068995584,7615242240,0
105,1708999666858,7751.201278686523,1650,2,1.35625,56796.57647705078,0,0,0,0,0,0,0,0,0,0,0,0,0,0,0,0,100,100,100,100,100,100,100,100,100,100,100,100,100,100,100,100,16455806976,7068995584,7614418944,0
111,1708999666964,7812.113525390625,1933.3333333333333,0,1.35,56798.01559448242,0,0,0,0,0,0,0,0,0,0,0,0,0,0,0,0,100,100,100,100,100,100,100,100,100,100,100,100,100,100,100,100,16455806976,7068995584,7614038016,0
110,1708999667076,9217.455535888672,4350,0,1.3625,56799.82881164551,0,0,0,0,0,0,0,0,0,0,0,0,0,0,0,0,100,100,100,100,100,100,100,100,100,100,100,100,100,100,100,100,16455806976,7068995584,7611232256,0
105,1708999667187,9217.79475402832,4350,0,1.36875,56801.413162231445,0,0,0,0,0,0,0,0,0,0,0,0,0,0,0,0,100,100,100,100,100,100,100,100,100,100,100,100,100,100,100,100,16455806976,7068995584,7611265024,0
106,1708999667293,9217.944534301758,4350,0,1.35625,56802.97448730469,0,0,0,0,0,0,0,0,0,0,0,0,0,0,0,0,100,100,100,100,100,100,100,100,100,100,100,100,100,100,100,100,16455806976,7068995584,7610871808,0
112,1708999667400,9988.808334350586,4350,0,1.38125,56804.55795288086,0,0,0,0,0,0,0,0,0,0,0,0,0,0,0,0,100,100,100,100,100,100,100,100,100,100,100,100,100,100,100,100,16455806976,7068995584,7610814464,0
111,1708999667513,9218.301818847656,4350,0,1.3625,56806.328384399414,0,0,0,0,0,0,0,0,0,0,0,0,0,0,0,0,100,100,100,100,100,100,100,100,100,100,100,100,100,100,100,100,16455806976,7068995584,7610384384,0
106,1708999667624,9218.643341064453,4350,0,1.39375,56807.95649719238,0,0,0,0,0,0,0,0,0,0,0,0,0,0,0,0,100,100,100,100,100,100,100,100,100,100,100,100,100,100,100,100,16455806976,7068995584,7615569920,0
112,1708999667731,9218.783569335938,4350,0,1.375,56809.457611083984,0,0,0,0,0,0,0,0,0,0,0,0,0,0,0,0,100,100,100,100,100,100,100,100,100,100,100,100,100,100,100,100,16455806976,7068995584,7615135744,0
109,1708999667844,9219.001708984375,4350,0,1.35,56811.016204833984,0,0,0,0,0,0,0,0,0,0,0,0,0,0,0,0,100,100,100,100,100,100,100,100,100,100,100,100,100,100,100,100,16455806976,7068995584,7614783488,0
106,1708999667953,7751.926193237305,4350,0,1.33125,56812.4641418457,0,0,0,0,0,0,0,0,0,0,0,0,0,0,0,0,100,100,100,100,100,100,100,100,100,100,100,100,100,100,100,100,16455806976,7068995584,7614816256,0
111,1708999668060,9219.333847045898,4350,0,1.39375,56814.001388549805,0,0,0,0,0,0,0,0,0,0,0,0,0,0,0,0,100,100,100,100,100,100,100,100,100,100,100,100,100,100,100,100,16455806976,7068995584,7614300160,0
107,1708999668172,7752.079376220703,4350,0,1.3625,56815.50225830078,0,0,0,0,0,0,0,0,0,0,0,0,0,0,0,0,100,100,100,100,100,100,100,100,100,100,100,100,100,100,100,100,16455806976,7068995584,7613251584,0
112,1708999668279,7752.154144287109,4350,0,1.35625,56817.13996887207,0,0,0,0,0,0,0,0,0,0,0,0,0,0,0,0,100,100,100,100,100,100,100,100,100,100,100,100,100,100,100,100,16455806976,7068995584,7612723200,0
110,1708999668392,9219.861923217773,4350,0,1.33125,56818.76417541504,0,0,0,0,0,0,0,0,0,0,0,0,0,0,0,0,100,100,100,100,100,100,100,100,100,100,100,100,100,100,100,100,16455806976,7068995584,7612620800,0
107,1708999668502,9220.007431030273,4350,0,1.39375,56820.30731201172,0,0,0,0,0,0,0,0,0,0,0,0,0,0,0,0,100,100,100,100,100,100,100,100,100,100,100,100,100,100,100,100,16455806976,7068995584,7612194816,0
107,1708999668610,9220.215606689453,4350,0,1.3625,56821.82421875,0,0,0,0,0,0,0,0,0,0,0,0,0,0,0,0,100,100,100,100,100,100,100,100,100,100,100,100,100,100,100,100,16455806976,7068995584,7616028672,0
105,1708999668719,7815.150405883789,1933.3333333333333,0,1.3875,56823.384857177734,0,0,0,0,0,0,0,0,0,0,0,0,0,0,0,0,100,100,100,100,100,100,100,100,100,100,100,100,100,100,100,100,16455806976,7068995584,7615664128,0
107,1708999668825,9220.880722045898,4350,0,1.36875,56824.91583251953,0,0,0,0,0,0,0,0,0,0,0,0,0,0,0,0,100,100,100,100,100,100,100,100,100,100,100,100,100,100,100,100,16455806976,7068995584,7615229952,0
106,1708999668932,9221.010009765625,1922.2222222222222,0,1.34375,56826.35940551758,0,0,0,0,0,0,0,0,0,0,0,0,0,0,0,0,100,100,100,100,100,100,100,100,100,100,100,100,100,100,100,100,16455806976,7068995584,7614259200,0
105,1708999669039,7752.684631347656,4350,0,1.3875,56827.83241271973,0,0,0,0,0,0,0,0,0,0,0,0,0,0,0,0,100,100,100,100,100,100,100,100,100,100,100,100,100,100,100,100,16455806976,7068995584,7613829120,0
105,1708999669145,9221.347229003906,4350,0,1.3625,56829.3145904541,0,0,0,0,0,0,0,0,0,0,0,0,0,0,0,0,100,100,100,100,100,100,100,100,100,100,100,100,100,100,100,100,16455806976,7068995584,7613923328,0
110,1708999669251,9221.36100769043,1650,2,1.39375,56830.78356933594,0,0,0,0,0,0,0,0,0,0,0,0,0,0,0,0,100,100,100,100,100,100,100,100,100,100,100,100,100,100,100,100,16455806976,7068995584,7613546496,0
102,1708999669362,7816.324462890625,4350,0,1.325,56832.23097229004,0,0,0,0,0,0,0,0,0,0,0,0,0,0,0,0,100,100,100,100,100,100,100,100,100,100,100,100,100,100,100,100,16455806976,7068995584,7613415424,0
109,1708999669465,7752.945785522461,1933.3333333333333,0,1.33125,56833.636291503906,0,0,0,0,0,0,0,0,0,0,0,0,0,0,0,0,100,100,100,100,100,100,100,100,100,100,100,100,100,100,100,100,16455806976,7068995584,7613009920,0
104,1708999669575,7753.031875610352,1933.3333333333333,0,1.36875,56835.21293640137,0,0,0,0,0,0,0,0,0,0,0,0,0,0,0,0,100,100,100,100,100,100,100,100,100,100,100,100,100,100,100,100,16455806976,7068995584,7612559360,0
108,1708999669680,7753.092300415039,1933.3333333333333,0,1.36875,56836.60459899902,0,0,0,0,0,0,0,0,0,0,0,0,0,0,0,0,100,100,100,100,100,100,100,100,100,100,100,100,100,100,100,100,16455806976,7068995584,7615488000,0
102,1708999669789,9222.280197143555,1933.3333333333333,0,1.38125,56838.09158325195,0,0,0,0,0,0,0,0,0,0,0,0,0,0,0,0,100,100,100,100,100,100,100,100,100,100,100,100,100,100,100,100,16455806976,7068995584,7615107072,0
102,1708999669891,9222.428085327148,4350,0,1.38125,56839.721267700195,0,0,0,0,0,0,0,0,0,0,0,0,0,0,0,0,100,100,100,100,100,100,100,100,100,100,100,100,100,100,100,100,16455806976,7068995584,7615094784,0
105,1708999669994,9222.624069213867,4350,0,1.375,56841.12239074707,0,0,0,0,0,0,0,0,0,0,0,0,0,0,0,0,100,100,100,100,100,100,100,100,100,100,100,100,100,100,100,100,16455806976,7068995584,7614705664,0
112,1708999670100,9222.780532836914,4350,0,1.35,56842.52116394043,0,0,0,0,0,0,0,0,0,0,0,0,0,0,0,0,100,100,100,100,100,100,100,100,100,100,100,100,100,100,100,100,16455806976,7068995584,7614464000,0
104,1708999670213,7753.4578857421875,4350,0,1.3875,56844.09652709961,0,0,0,0,0,0,0,0,0,0,0,0,0,0,0,0,100,100,100,100,100,100,100,100,100,100,100,100,100,100,100,100,16455806976,7068995584,7614291968,0
106,1708999670318,7753.535720825195,4350,0,1.38125,56845.475997924805,0,0,0,0,0,0,0,0,0,0,0,0,0,0,0,0,100,100,100,100,100,100,100,100,100,100,100,100,100,100,100,100,16455806976,7068995584,7613915136,0
107,1708999670425,9223.190963745117,4350,0,1.36875,56846.84901428223,0,0,0,0,0,0,0,0,0,0,0,0,0,0,0,0,100,100,100,100,100,100,100,100,100,100,100,100,100,100,100,100,16455806976,7068995584,7612715008,0
111,1708999670533,8361.580093383789,1933.3333333333333,0,1.36875,56848.395935058594,0,0,0,0,0,0,0,0,0,0,0,0,0,0,0,0,100,100,100,100,100,100,100,100,100,100,100,100,100,100,100,100,16455806976,7068995584,7612301312,0
107,1708999670644,9223.667098999023,4350,0,1.3875,56850.00828552246,0,0,0,0,0,0,0,0,0,0,0,0,0,0,0,0,100,100,100,100,100,100,100,100,100,100,100,100,100,100,100,100,16455806976,7068995584,7615848448,0
107,1708999670753,9223.697448730469,4350,0,1.4,56851.5206451416,0,0,0,0,0,0,0,0,0,0,0,0,0,0,0,0,100,100,100,100,100,100,100,100,100,100,100,100,100,100,100,100,16455806976,7068995584,7615459328,0
107,1708999670860,8361.65299987793,4350,0,1.35,56852.95246887207,0,0,0,0,0,0,0,0,0,0,0,0,0,0,0,0,100,100,100,100,100,100,100,100,100,100,100,100,100,100,100,100,16455806976,7068995584,7615102976,0
106,1708999670968,7753.997741699219,4350,0,1.325,56854.312911987305,0,0,0,0,0,0,0,0,0,0,0,0,0,0,0,0,100,100,100,100,100,100,100,100,100,100,100,100,100,100,100,100,16455806976,7068995584,7614664704,0
105,1708999671074,7754.081314086914,1933.3333333333333,0,1.325,56855.783752441406,0,0,0,0,0,0,0,0,0,0,0,0,0,0,0,0,100,100,100,100,100,100,100,100,100,100,100,100,100,100,100,100,16455806976,7068995584,7614337024,0
107,1708999671180,9224.050567626953,1933.3333333333333,0,1.36875,56857.330825805664,0,0,0,0,0,0,0,0,0,0,0,0,0,0,0,0,100,100,100,100,100,100,100,100,100,100,100,100,100,100,100,100,16455806976,7068995584,7614181376,0
108,1708999671287,9224.194900512695,1933.3333333333333,0,1.375,56858.819564819336,0,0,0,0,0,0,0,0,0,0,0,0,0,0,0,0,100,100,100,100,100,100,100,100,100,100,100,100,100,100,100,100,16455806976,7068995584,7613767680,0
113,1708999671395,7754.307266235352,1933.3333333333333,0,1.3375,56860.328704833984,0,0,0,0,0,0,0,0,0,0,0,0,0,0,0,0,100,100,100,100,100,100,100,100,100,100,100,100,100,100,100,100,16455806976,7068995584,7612575744,0
111,1708999671509,9224.473937988281,4350,0,1.34375,56861.82815551758,0,0,0,0,0,0,0,0,0,0,0,0,0,0,0,0,100,100,100,100,100,100,100,100,100,100,100,100,100,100,100,100,16455806976,7068995584,7612170240,0
107,1708999671621,9224.56820678711,1933.3333333333333,0,1.38125,56863.75012207031,0,0,0,0,0,0,0,0,0,0,0,0,0,0,0,0,100,100,100,100,100,100,100,100,100,100,100,100,100,100,100,100,16455806976,7068995584,7616593920,0
106,1708999671729,9224.707138061523,4350,0,1.36875,56865.18778991699,0,0,0,0,0,0,0,0,0,0,0,0,0,0,0,0,100,100,100,100,100,100,100,100,100,100,100,100,100,100,100,100,16455806976,7068995584,7616143360,0
107,1708999671836,9487.747940063477,4325,0,1.4,56867.33689880371,0,0,0,0,0,0,0,0,0,0,0,0,0,0,0,0,100,100,100,100,100,100,100,100,100,100,100,100,100,100,100,100,16455806976,7068995584,7611117568,0
105,1708999671943,9225.095397949219,4350,0,1.36875,56868.7160949707,0,0,0,0,0,0,0,0,0,0,0,0,0,0,0,0,100,100,100,100,100,100,100,100,100,100,100,100,100,100,100,100,16455806976,7068995584,7610912768,0
108,1708999672049,9225.137817382813,4350,0,1.38125,56870.159408569336,0,0,0,0,0,0,0,0,0,0,0,0,0,0,0,0,100,100,100,100,100,100,100,100,100,100,100,100,100,100,100,100,16455806976,7068995584,7610482688,0
105,1708999672157,9225.475387573242,4350,0,1.34375,56871.7451171875,0,0,0,0,0,0,0,0,0,0,0,0,0,0,0,0,100,100,100,100,100,100,100,100,100,100,100,100,100,100,100,100,16455806976,7068995584,7610335232,0
107,1708999672264,7754.966857910156,4350,0,1.35625,56873.10791015625,0,0,0,0,0,0,0,0,0,0,0,0,0,0,0,0,100,100,100,100,100,100,100,100,100,100,100,100,100,100,100,100,16455806976,7068995584,7609901056,0
106,1708999672372,7821.588912963867,4350,0,1.36875,56874.56513977051,0,0,0,0,0,0,0,0,0,0,0,0,0,0,0,0,100,100,100,100,100,100,100,100,100,100,100,100,100,100,100,100,16455806976,7068995584,7609692160,0
106,1708999672479,9226.157821655273,4350,0,1.35,56875.94026184082,0,0,0,0,0,0,0,0,0,0,0,0,0,0,0,0,100,100,100,100,100,100,100,100,100,100,100,100,100,100,100,100,16455806976,7068995584,7609266176,0
106,1708999672585,9226.300811767578,4350,0,1.38125,56877.37364196777,0,0,0,0,0,0,0,0,0,0,0,0,0,0,0,0,100,100,100,100,100,100,100,100,100,100,100,100,100,100,100,100,16455806976,7068995584,7608795136,0
107,1708999672691,9226.43391418457,1650,2,1.36875,56878.868423461914,0,0,0,0,0,0,0,0,0,0,0,0,0,0,0,0,100,100,100,100,100,100,100,100,100,100,100,100,100,100,100,100,16455806976,7068995584,7619833856,0
106,1708999672799,8362.632598876953,4350,0,1.35625,56880.12203979492,0,0,0,0,0,0,0,0,0,0,0,0,0,0,0,0,100,100,100,100,100,100,100,100,100,100,100,100,100,100,100,100,16455806976,7068995584,7619448832,0
106,1708999672906,9226.820068359375,4350,0,1.33125,56881.492126464844,0,0,0,0,0,0,0,0,0,0,0,0,0,0,0,0,100,100,100,100,100,100,100,100,100,100,100,100,100,100,100,100,16455806976,7068995584,7619735552,0
107,1708999673013,9226.968887329102,1650,0,1.35,56882.89549255371,0,0,0,0,0,0,0,0,0,0,0,0,0,0,0,0,100,100,100,100,100,100,100,100,100,100,100,100,100,100,100,100,16455806976,7068995584,7619317760,0
107,1708999673120,8858.522933959961,1980,0,1.375,56884.227935791016,0,0,0,0,0,0,0,0,0,0,0,0,0,0,0,0,100,100,100,100,100,100,100,100,100,100,100,100,100,100,100,100,16455806976,7068995584,7619084288,0
111,1708999673228,9227.367553710938,4350,0,1.36875,56885.64489746094,0,0,0,0,0,0,0,0,0,0,0,0,0,0,0,0,100,100,100,100,100,100,100,100,100,100,100,100,100,100,100,100,16455806976,7068995584,7618658304,0
111,1708999673340,9227.495223999023,4350,0,1.3125,56887.011291503906,0,0,0,0,0,0,0,0,0,0,0,0,0,0,0,0,100,100,100,100,100,100,100,100,100,100,100,100,100,100,100,100,16455806976,7068995584,7618015232,0
106,1708999673452,9227.624328613281,4350,0,1.375,56888.291580200195,0,0,0,0,0,0,0,0,0,0,0,0,0,0,0,0,100,100,100,100,100,100,100,100,100,100,100,100,100,100,100,100,16455806976,7068995584,7616753664,0
112,1708999673559,7823.381591796875,1933.3333333333333,0,1.34375,56889.584732055664,0,0,0,0,0,0,0,0,0,0,0,0,0,0,0,0,100,100,100,100,100,100,100,100,100,100,100,100,100,100,100,100,16455806976,7068995584,7616327680,0
107,1708999673673,9228.02651977539,1911.111111111111,0,1.38125,56891.29344177246,0,0,0,0,0,0,0,0,0,0,0,0,0,0,0,0,100,100,100,100,100,100,100,100,100,100,100,100,100,100,100,100,16455806976,7068995584,7620067328,0
107,1708999673782,9228.16519165039,4350,0,1.36875,56892.75343322754,0,0,0,0,0,0,0,0,0,0,0,0,0,0,0,0,100,100,100,100,100,100,100,100,100,100,100,100,100,100,100,100,16455806976,7068995584,7619604480,0
108,1708999673889,9228.292709350586,4350,0,1.35,56894.15203857422,0,0,0,0,0,0,0,0,0,0,0,0,0,0,0,0,100,100,100,100,100,100,100,100,100,100,100,100,100,100,100,100,16455806976,7068995584,7619411968,0
103,1708999673998,7756.131561279297,4350,0,1.3625,56895.642517089844,0,0,0,0,0,0,0,0,0,0,0,0,0,0,0,0,100,100,100,100,100,100,100,100,100,100,100,100,100,100,100,100,16455806976,7068995584,7619096576,0
107,1708999674101,9228.592010498047,4350,0,1.30625,56897.00910949707,0,0,0,0,0,0,0,0,0,0,0,0,0,0,0,0,100,100,100,100,100,100,100,100,100,100,100,100,100,100,100,100,16455806976,7068995584,7618801664,0
105,1708999674209,9228.716430664063,4350,0,1.375,56898.44200134277,0,0,0,0,0,0,0,0,0,0,0,0,0,0,0,0,100,100,100,100,100,100,100,100,100,100,100,100,100,100,100,100,16455806976,7068995584,7618494464,0
107,1708999674315,7756.359390258789,1780,1,1.375,56899.87512207031,0,0,0,0,0,0,0,0,0,0,0,0,0,0,0,0,100,100,100,100,100,100,100,100,100,100,100,100,100,100,100,100,16455806976,7068995584,7618097152,0
108,1708999674423,9229.045852661133,4350,0,1.325,56901.268814086914,0,0,0,0,0,0,0,0,0,0,0,0,0,0,0,0,100,100,100,100,100,100,100,100,100,100,100,100,100,100,100,100,16455806976,7068995584,7616897024,0
107,1708999674532,9229.215530395508,4350,0,1.375,56902.80043029785,0,0,0,0,0,0,0,0,0,0,0,0,0,0,0,0,100,100,100,100,100,100,100,100,100,100,100,100,100,100,100,100,16455806976,7068995584,7616495616,0
112,1708999674640,7756.595001220703,4350,0,1.33125,56904.22004699707,0,0,0,0,0,0,0,0,0,0,0,0,0,0,0,0,100,100,100,100,100,100,100,100,100,100,100,100,100,100,100,100,16455806976,7068995584,7616327680,0
102,1708999674752,7756.677154541016,4350,0,1.325,56905.774337768555,0,0,0,0,0,0,0,0,0,0,0,0,0,0,0,0,100,100,100,100,100,100,100,100,100,100,100,100,100,100,100,100,16455806976,7068995584,7620001792,0
109,1708999674855,7756.757339477539,4325,0,1.3875,56907.12846374512,0,0,0,0,0,0,0,0,0,0,0,0,0,0,0,0,100,100,100,100,100,100,100,100,100,100,100,100,100,100,100,100,16455806976,7068995584,7619850240,0
114,1708999674965,7756.826446533203,1933.3333333333333,0,1.34375,56908.54951477051,0,0,0,0,0,0,0,0,0,0,0,0,0,0,0,0,100,100,100,100,100,100,100,100,100,100,100,100,100,100,100,100,16455806976,7068995584,7619497984,0
109,1708999675080,7756.920318603516,4350,0,1.375,56910.22373962402,0,0,0,0,0,0,0,0,0,0,0,0,0,0,0,0,100,100,100,100,100,100,100,100,100,100,100,100,100,100,100,100,16455806976,7068995584,7619076096,0
107,1708999675190,9230.040771484375,4350,0,1.33125,56911.69384765625,0,0,0,0,0,0,0,0,0,0,0,0,0,0,0,0,100,100,100,100,100,100,100,100,100,100,100,100,100,100,100,100,16455806976,7068995584,7618875392,0
112,1708999675297,7757.04377746582,4350,0,1.3875,56913.140884399414,0,0,0,0,0,0,0,0,0,0,0,0,0,0,0,0,100,100,100,100,100,100,100,100,100,100,100,100,100,100,100,100,16455806976,7068995584,7618498560,0
111,1708999675410,9230.339416503906,4350,0,1.36875,56914.60299682617,0,0,0,0,0,0,0,0,0,0,0,0,0,0,0,0,100,100,100,100,100,100,100,100,100,100,100,100,100,100,100,100,16455806976,7068995584,7618383872,0
103,1708999675522,9230.471710205078,4350,0,1.3875,56916.01077270508,0,0,0,0,0,0,0,0,0,0,0,0,0,0,0,0,100,100,100,100,100,100,100,100,100,100,100,100,100,100,100,100,16455806976,7068995584,7617978368,0
111,1708999675626,9230.609344482422,4350,0,1.3625,56917.4382019043,0,0,0,0,0,0,0,0,0,0,0,0,0,0,0,0,100,100,100,100,100,100,100,100,100,100,100,100,100,100,100,100,16455806976,7068995584,7616712704,0
105,1708999675738,9230.750930786133,1922.2222222222222,0,1.4,56918.981704711914,0,0,0,0,0,0,0,0,0,0,0,0,0,0,0,0,100,100,100,100,100,100,100,100,100,100,100,100,100,100,100,100,16455806976,7068995584,7619964928,0
112,1708999675843,9230.884704589844,4350,0,1.3625,56920.3200378418,0,0,0,0,0,0,0,0,0,0,0,0,0,0,0,0,100,100,100,100,100,100,100,100,100,100,100,100,100,100,100,100,16455806976,7068995584,7619543040,0
106,1708999675956,9231.059143066406,4350,0,1.34375,56921.835876464844,0,0,0,0,0,0,0,0,0,0,0,0,0,0,0,0,100,100,100,100,100,100,100,100,100,100,100,100,100,100,100,100,16455806976,7068995584,7619379200,0
104,1708999676063,7827.3748779296875,1933.3333333333333,0,1.3625,56923.322204589844,0,0,0,0,0,0,0,0,0,0,0,0,0,0,0,0,100,100,100,100,100,100,100,100,100,100,100,100,100,100,100,100,16455806976,7068995584,7619006464,0
106,1708999676168,7757.851699829102,4350,0,1.34375,56924.718017578125,0,0,0,0,0,0,0,0,0,0,0,0,0,0,0,0,100,100,100,100,100,100,100,100,100,100,100,100,100,100,100,100,16455806976,7068995584,7618826240,0
108,1708999676274,9231.573822021484,1650,2,1.3875,56926.225997924805,0,0,0,0,0,0,0,0,0,0,0,0,0,0,0,0,100,100,100,100,100,100,100,100,100,100,100,100,100,100,100,100,16455806976,7068995584,7618490368,0
109,1708999676384,9231.708587646484,4350,0,1.35,56927.65490722656,0,0,0,0,0,0,0,0,0,0,0,0,0,0,0,0,100,100,100,100,100,100,100,100,100,100,100,100,100,100,100,100,16455806976,7068995584,7618326528,0
109,1708999676493,7758.079238891602,4350,0,1.3625,56929.23764038086,0,0,0,0,0,0,0,0,0,0,0,0,0,0,0,0,100,100,100,100,100,100,100,100,100,100,100,100,100,100,100,100,16455806976,7068995584,7617875968,0
112,1708999676603,9231.86198425293,4350,0,1.38125,56930.68859863281,0,0,0,0,0,0,0,0,0,0,0,0,0,0,0,0,100,100,100,100,100,100,100,100,100,100,100,100,100,100,100,100,16455806976,7068995584,7616655360,0
111,1708999676716,9231.894424438477,4350,0,1.38125,56932.28242492676,0,0,0,0,0,0,0,0,0,0,0,0,0,0,0,0,100,100,100,100,100,100,100,100,100,100,100,100,100,100,100,100,16455806976,7068995584,7619878912,0
111,1708999676827,7758.444839477539,1650,0,1.39375,56933.911209106445,0,0,0,0,0,0,0,0,0,0,0,0,0,0,0,0,100,100,100,100,100,100,100,100,100,100,100,100,100,100,100,100,16455806976,7068995584,7619477504,0
109,1708999676939,8364.355972290039,1933.3333333333333,0,1.325,56935.43305969238,0,0,0,0,0,0,0,0,0,0,0,0,0,0,0,0,100,100,100,100,100,100,100,100,100,100,100,100,100,100,100,100,16455806976,7068995584,7619407872,0
107,1708999677049,9232.314208984375,4350,0,1.3875,56936.93083190918,0,0,0,0,0,0,0,0,0,0,0,0,0,0,0,0,100,100,100,100,100,100,100,100,100,100,100,100,100,100,100,100,16455806976,7068995584,7618887680,0
106,1708999677156,9232.475219726563,4350,0,1.3125,56938.36534118652,0,0,0,0,0,0,0,0,0,0,0,0,0,0,0,0,100,100,100,100,100,100,100,100,100,100,100,100,100,100,100,100,16455806976,7068995584,7618592768,0
107,1708999677263,7758.757461547852,4350,0,1.35625,56939.905014038086,0,0,0,0,0,0,0,0,0,0,0,0,0,0,0,0,100,100,100,100,100,100,100,100,100,100,100,100,100,100,100,100,16455806976,7068995584,7618162688,0
107,1708999677371,9232.879333496094,4350,0,1.3625,56941.23661804199,0,0,0,0,0,0,0,0,0,0,0,0,0,0,0,0,100,100,100,100,100,100,100,100,100,100,100,100,100,100,100,100,16455806976,7068995584,7617871872,0
102,1708999677479,8364.588806152344,4350,0,1.375,56942.624252319336,0,0,0,0,0,0,0,0,0,0,0,0,0,0,0,0,100,100,100,100,100,100,100,100,100,100,100,100,100,100,100,100,16455806976,7068995584,7617445888,0
114,1708999677582,7759.078460693359,4350,0,1.30625,56943.82302856445,0,0,0,0,0,0,0,0,0,0,0,0,0,0,0,0,100,100,100,100,100,100,100,100,100,100,100,100,100,100,100,100,16455806976,7068995584,7617044480,0
110,1708999677697,8364.645431518555,4350,0,1.3875,56945.0446472168,0,0,0,0,0,0,0,0,0,0,0,0,0,0,0,0,100,100,100,100,100,100,100,100,100,100,100,100,100,100,100,100,16455806976,7068995584,7620546560,0
108,1708999677807,9233.581268310547,4350,0,1.31875,56946.165115356445,0,0,0,0,0,0,0,0,0,0,0,0,0,0,0,0,100,100,100,100,100,100,100,100,100,100,100,100,100,100,100,100,16455806976,7068995584,7620100096,0
108,1708999677916,9233.73225402832,4350,0,1.375,56947.4298248291,0,0,0,0,0,0,0,0,0,0,0,0,0,0,0,0,100,100,100,100,100,100,100,100,100,100,100,100,100,100,100,100,16455806976,7068995584,7619842048,0
107,1708999678024,9233.858474731445,4350,0,1.36875,56948.68263244629,0,0,0,0,0,0,0,0,0,0,0,0,0,0,0,0,100,100,100,100,100,100,100,100,100,100,100,100,100,100,100,100,16455806976,7068995584,7619469312,0
109,1708999678132,9233.994247436523,4350,0,1.39375,56949.93115234375,0,0,0,0,0,0,0,0,0,0,0,0,0,0,0,0,100,100,100,100,100,100,100,100,100,100,100,100,100,100,100,100,16455806976,7068995584,7619137536,0
102,1708999678242,9234.220474243164,4350,0,1.3625,56951.242904663086,0,0,0,0,0,0,0,0,0,0,0,0,0,0,0,0,100,100,100,100,100,100,100,100,100,100,100,100,100,100,100,100,16455806976,7068995584,7618732032,0
101,1708999678344,9234.350784301758,4350,0,1.36875,56952.33836364746,0,0,0,0,0,0,0,0,0,0,0,0,0,0,0,0,100,100,100,100,100,100,100,100,100,100,100,100,100,100,100,100,16455806976,7068995584,7618306048,0
106,1708999678446,9234.478302001953,4350,0,1.3625,56953.452056884766,0,0,0,0,0,0,0,0,0,0,0,0,0,0,0,0,100,100,100,100,100,100,100,100,100,100,100,100,100,100,100,100,16455806976,7068995584,7616827392,0
110,1708999678552,8865.351623535156,1933.3333333333333,0,1.325,56954.63075256348,0,0,0,0,0,0,0,0,0,0,0,0,0,0,0,0,100,100,100,100,100,100,100,100,100,100,100,100,100,100,100,100,16455806976,7068995584,7616442368,0
108,1708999678663,7759.74137878418,4350,0,1.3625,56955.88429260254,0,0,0,0,0,0,0,0,0,0,0,0,0,0,0,0,100,100,100,100,100,100,100,100,100,100,100,100,100,100,100,100,16455806976,7068995584,7616225280,0
109,1708999678772,9234.812408447266,4350,0,1.35625,56957.01762390137,0,0,0,0,0,0,0,0,0,0,0,0,0,0,0,0,100,100,100,100,100,100,100,100,100,100,100,100,100,100,100,100,16455806976,7068995584,7619956736,0
101,1708999678881,7759.884628295898,4350,0,1.34375,56958.21824645996,0,0,0,0,0,0,0,0,0,0,0,0,0,0,0,0,100,100,100,100,100,100,100,100,100,100,100,100,100,100,100,100,16455806976,7068995584,7619678208,0
108,1708999678983,9235.017120361328,4350,0,1.3625,56959.2834777832,0,0,0,0,0,0,0,0,0,0,0,0,0,0,0,0,100,100,100,100,100,100,100,100,100,100,100,100,100,100,100,100,16455806976,7068995584,7619371008,0
110,1708999679092,9235.144226074219,4350,0,1.34375,56960.55944824219,0,0,0,0,0,0,0,0,0,0,0,0,0,0,0,0,100,100,100,100,100,100,100,100,100,100,100,100,100,100,100,100,16455806976,7068995584,7618969600,0
109,1708999679203,9235.26449584961,4350,0,1.36875,56961.8507232666,0,0,0,0,0,0,0,0,0,0,0,0,0,0,0,0,100,100,100,100,100,100,100,100,100,100,100,100,100,100,100,100,16455806976,7068995584,7622516736,0
109,1708999679312,9235.412124633789,4350,0,1.34375,56963.118728637695,0,0,0,0,0,0,0,0,0,0,0,0,0,0,0,0,100,100,100,100,100,100,100,100,100,100,100,100,100,100,100,100,16455806976,7068995584,7622135808,0
114,1708999679422,9235.650390625,4350,0,1.31875,56964.43049621582,0,0,0,0,0,0,0,0,0,0,0,0,0,0,0,0,100,100,100,100,100,100,100,100,100,100,100,100,100,100,100,100,16455806976,7068995584,7621738496,0
112,1708999679536,9235.793579101563,4350,0,1.325,56965.79135131836,0,0,0,0,0,0,0,0,0,0,0,0,0,0,0,0,100,100,100,100,100,100,100,100,100,100,100,100,100,100,100,100,16455806976,7068995584,7621201920,0
106,1708999679649,9235.934097290039,4350,0,1.38125,56967.07221984863,0,0,0,0,0,0,0,0,0,0,0,0,0,0,0,0,100,100,100,100,100,100,100,100,100,100,100,100,100,100,100,100,16455806976,7068995584,7620894720,0
106,1708999679756,7760.397750854492,4350,0,1.3625,56968.31398010254,0,0,0,0,0,0,0,0,0,0,0,0,0,0,0,0,100,100,100,100,100,100,100,100,100,100,100,100,100,100,100,100,16455806976,7068995584,7624282112,0
108,1708999679863,7760.483169555664,4350,0,1.36875,56969.69804382324,0,0,0,0,0,0,0,0,0,0,0,0,0,0,0,0,100,100,100,100,100,100,100,100,100,100,100,100,100,100,100,100,16455806976,7068995584,7623954432,0
113,1708999679972,9236.399139404297,4350,0,1.33125,56970.9582824707,0,0,0,0,0,0,0,0,0,0,0,0,0,0,0,0,100,100,100,100,100,100,100,100,100,100,100,100,100,100,100,100,16455806976,7068995584,7623544832,0
109,1708999680086,9236.528335571289,4350,0,1.325,56972.455001831055,0,0,0,0,0,0,0,0,0,0,0,0,0,0,0,0,100,100,100,100,100,100,100,100,100,100,100,100,100,100,100,100,16455806976,7068995584,7619997696,0
110,1708999680196,10001.746688842773,1922.2222222222222,0,1.3875,56973.77508544922,0,0,0,0,0,0,0,0,0,0,0,0,0,0,0,0,100,100,100,100,100,100,100,100,100,100,100,100,100,100,100,100,16455806976,7068995584,7619649536,0
110,1708999680306,9236.836944580078,4350,0,1.3625,56974.9680480957,0,0,0,0,0,0,0,0,0,0,0,0,0,0,0,0,100,100,100,100,100,100,100,100,100,100,100,100,100,100,100,100,16455806976,7068995584,7619223552,0
108,1708999680417,9237.041732788086,4350,0,1.33125,56976.2077331543,0,0,0,0,0,0,0,0,0,0,0,0,0,0,0,0,100,100,100,100,100,100,100,100,100,100,100,100,100,100,100,100,16455806976,7068995584,7617806336,0
113,1708999680527,9237.156066894531,4350,0,1.35625,56977.545806884766,0,0,0,0,0,0,0,0,0,0,0,0,0,0,0,0,100,100,100,100,100,100,100,100,100,100,100,100,100,100,100,100,16455806976,7068995584,7617540096,0
109,1708999680640,9237.190063476563,4350,0,1.36875,56978.86619567871,0,0,0,0,0,0,0,0,0,0,0,0,0,0,0,0,100,100,100,100,100,100,100,100,100,100,100,100,100,100,100,100,16455806976,7068995584,7617216512,0
107,1708999680750,10002.160720825195,4350,0,1.31875,56980.06970214844,0,0,0,0,0,0,0,0,0,0,0,0,0,0,0,0,100,100,100,100,100,100,100,100,100,100,100,100,100,100,100,100,16455806976,7068995584,7616802816,0
107,1708999680858,9237.396453857422,4350,0,1.3625,56981.29512023926,0,0,0,0,0,0,0,0,0,0,0,0,0,0,0,0,100,100,100,100,100,100,100,100,100,100,100,100,100,100,100,100,16455806976,7068995584,7623479296,0
110,1708999680965,7761.237731933594,4350,0,1.35625,56982.466735839844,0,0,0,0,0,0,0,0,0,0,0,0,0,0,0,0,100,100,100,100,100,100,100,100,100,100,100,100,100,100,100,100,16455806976,7068995584,7623176192,0
110,1708999681076,9237.615478515625,4350,0,1.34375,56983.68849182129,0,0,0,0,0,0,0,0,0,0,0,0,0,0,0,0,100,100,100,100,100,100,100,100,100,100,100,100,100,100,100,100,16455806976,7068995584,7622225920,0
110,1708999681187,9237.730346679688,4350,0,1.3,56984.831130981445,0,0,0,0,0,0,0,0,0,0,0,0,0,0,0,0,100,100,100,100,100,100,100,100,100,100,100,100,100,100,100,100,16455806976,7068995584,7622205440,0
110,1708999681297,8365.518020629883,4350,0,1.325,56986.034759521484,0,0,0,0,0,0,0,0,0,0,0,0,0,0,0,0,100,100,100,100,100,100,100,100,100,100,100,100,100,100,100,100,16455806976,7068995584,7621779456,0
110,1708999681408,9237.965621948242,4350,0,1.3625,56987.24136352539,0,0,0,0,0,0,0,0,0,0,0,0,0,0,0,0,100,100,100,100,100,100,100,100,100,100,100,100,100,100,100,100,16455806976,7068995584,7621578752,0
109,1708999681519,9238.085525512695,4350,0,1.31875,56988.43943786621,0,0,0,0,0,0,0,0,0,0,0,0,0,0,0,0,100,100,100,100,100,100,100,100,100,100,100,100,100,100,100,100,16455806976,7068995584,7621169152,0
104,1708999681629,9238.181640625,1650,2,1.3875,56989.7403717041,0,0,0,0,0,0,0,0,0,0,0,0,0,0,0,0,100,100,100,100,100,100,100,100,100,100,100,100,100,100,100,100,16455806976,7068995584,7620087808,0
107,1708999681734,9238.341430664063,1933.3333333333333,0,1.3875,56990.96192932129,0,0,0,0,0,0,0,0,0,0,0,0,0,0,0,0,100,100,100,100,100,100,100,100,100,100,100,100,100,100,100,100,16455806976,7068995584,7619657728,0
112,1708999681843,9238.461502075195,4350,0,1.4,56992.380432128906,0,0,0,0,0,0,0,0,0,0,0,0,0,0,0,0,100,100,100,100,100,100,100,100,100,100,100,100,100,100,100,100,16455806976,7068995584,7623766016,0
108,1708999681956,9238.594345092773,1933.3333333333333,0,1.325,56994.321228027344,0,0,0,0,0,0,0,0,0,0,0,0,0,0,0,0,100,100,100,100,100,100,100,100,100,100,100,100,100,100,100,100,16455806976,7068995584,7623491584,0
105,1708999682065,7837.167922973633,4350,0,1.36875,56995.744567871094,0,0,0,0,0,0,0,0,0,0,0,0,0,0,0,0,100,100,100,100,100,100,100,100,100,100,100,100,100,100,100,100,16455806976,7068995584,7623151616,0
112,1708999682170,7762.17350769043,4350,0,1.325,56996.869888305664,0,0,0,0,0,0,0,0,0,0,0,0,0,0,0,0,100,100,100,100,100,100,100,100,100,100,100,100,100,100,100,100,16455806976,7068995584,7622840320,0
106,1708999682284,9238.968734741211,4350,0,1.38125,56998.30854797363,0,0,0,0,0,0,0,0,0,0,0,0,0,0,0,0,100,100,100,100,100,100,100,100,100,100,100,100,100,100,100,100,16455806976,7068995584,7619072000,0
106,1708999682391,9239.106246948242,4350,0,1.3625,56999.65628051758,0,0,0,0,0,0,0,0,0,0,0,0,0,0,0,0,100,100,100,100,100,100,100,100,100,100,100,100,100,100,100,100,16455806976,7068995584,7618695168,0
105,1708999682497,10003.110427856445,1933.3333333333333,0,1.3875,57000.96365356445,0,0,0,0,0,0,0,0,0,0,0,0,0,0,0,0,100,100,100,100,100,100,100,100,100,100,100,100,100,100,100,100,16455806976,7068995584,7618273280,0
109,1708999682603,9239.374862670898,4350,0,1.33125,57002.19705200195,0,0,0,0,0,0,0,0,0,0,0,0,0,0,0,0,100,100,100,100,100,100,100,100,100,100,100,100,100,100,100,100,16455806976,7068995584,7617880064,0
107,1708999682713,8869.721908569336,4350,0,1.35625,57003.39326477051,0,0,0,0,0,0,0,0,0,0,0,0,0,0,0,0,100,100,100,100,100,100,100,100,100,100,100,100,100,100,100,100,16455806976,7068995584,7617490944,0
113,1708999682821,9239.60073852539,4350,0,1.325,57004.48011779785,0,0,0,0,0,0,0,0,0,0,0,0,0,0,0,0,100,100,100,100,100,100,100,100,100,100,100,100,100,100,100,100,16455806976,7068995584,7617011712,0
110,1708999682935,9239.630981445313,4350,0,1.29375,57005.79089355469,0,0,0,0,0,0,0,0,0,0,0,0,0,0,0,0,100,100,100,100,100,100,100,100,100,100,100,100,100,100,100,100,16455806976,7068995584,7623233536,0
108,1708999683046,9239.742263793945,1933.3333333333333,0,1.375,57007.03631591797,0,0,0,0,0,0,0,0,0,0,0,0,0,0,0,0,100,100,100,100,100,100,100,100,100,100,100,100,100,100,100,100,16455806976,7068995584,7622864896,0
108,1708999683154,9239.759628295898,4350,0,1.3125,57008.09963989258,0,0,0,0,0,0,0,0,0,0,0,0,0,0,0,0,100,100,100,100,100,100,100,100,100,100,100,100,100,100,100,100,16455806976,7068995584,7622578176,0
112,1708999683263,7762.856140136719,1933.3333333333333,0,1.3625,57009.38040161133,0,0,0,0,0,0,0,0,0,0,0,0,0,0,0,0,100,100,100,100,100,100,100,100,100,100,100,100,100,100,100,100,16455806976,7068995584,7620509696,0
114,1708999683376,9239.955551147461,4350,0,1.3375,57010.43836975098,0,0,0,0,0,0,0,0,0,0,0,0,0,0,0,0,100,100,100,100,100,100,100,100,100,100,100,100,100,100,100,100,16455806976,7068995584,7620132864,0
116,1708999683491,9240.06753540039,4350,0,1.35,57011.710861206055,0,0,0,0,0,0,0,0,0,0,0,0,0,0,0,0,100,100,100,100,100,100,100,100,100,100,100,100,100,100,100,100,16455806976,7068995584,7619760128,0
108,1708999683607,9240.202880859375,4350,0,1.36875,57012.9736328125,0,0,0,0,0,0,0,0,0,0,0,0,0,0,0,0,100,100,100,100,100,100,100,100,100,100,100,100,100,100,100,100,16455806976,7068995584,7619375104,0
108,1708999683717,9240.22737121582,4350,0,1.3875,57014.01710510254,0,0,0,0,0,0,0,0,0,0,0,0,0,0,0,0,100,100,100,100,100,100,100,100,100,100,100,100,100,100,100,100,16455806976,7068995584,7618981888,0
109,1708999683826,9240.348342895508,4350,0,1.3625,57015.19465637207,0,0,0,0,0,0,0,0,0,0,0,0,0,0,0,0,100,100,100,100,100,100,100,100,100,100,100,100,100,100,100,100,16455806976,7068995584,7618580480,0
102,1708999683936,9240.45376586914,1933.3333333333333,0,1.31875,57016.334548950195,0,0,0,0,0,0,0,0,0,0,0,0,0,0,0,0,100,100,100,100,100,100,100,100,100,100,100,100,100,100,100,100,16455806976,7068995584,7618232320,0
111,1708999684039,9240.656967163086,4350,0,1.325,57017.37008666992,0,0,0,0,0,0,0,0,0,0,0,0,0,0,0,0,100,100,100,100,100,100,100,100,100,100,100,100,100,100,100,100,16455806976,7068995584,7622049792,0
114,1708999684151,8366.19987487793,4350,0,1.3125,57018.54620361328,0,0,0,0,0,0,0,0,0,0,0,0,0,0,0,0,100,100,100,100,100,100,100,100,100,100,100,100,100,100,100,100,16455806976,7068995584,7621971968,0
105,1708999684266,8871.037124633789,4350,0,1.3125,57019.756912231445,0,0,0,0,0,0,0,0,0,0,0,0,0,0,0,0,100,100,100,100,100,100,100,100,100,100,100,100,100,100,100,100,16455806976,7068995584,7621582848,0
111,1708999684372,9241.032501220703,1933.3333333333333,0,1.3375,57020.854263305664,0,0,0,0,0,0,0,0,0,0,0,0,0,0,0,0,100,100,100,100,100,100,100,100,100,100,100,100,100,100,100,100,16455806976,7068995584,7621664768,0
106,1708999684483,8366.257217407227,4350,0,1.35625,57021.97033691406,0,0,0,0,0,0,0,0,0,0,0,0,0,0,0,0,100,100,100,100,100,100,100,100,100,100,100,100,100,100,100,100,16455806976,7068995584,7621328896,0
107,1708999684590,9241.119369506836,1933.3333333333333,0,1.325,57023.0594329834,0,0,0,0,0,0,0,0,0,0,0,0,0,0,0,0,100,100,100,100,100,100,100,100,100,100,100,100,100,100,100,100,16455806976,7068995584,7620882432,0
106,1708999684698,9241.209701538086,4350,0,1.38125,57024.258697509766,0,0,0,0,0,0,0,0,0,0,0,0,0,0,0,0,100,100,100,100,100,100,100,100,100,100,100,100,100,100,100,100,16455806976,7068995584,7620898816,0
110,1708999684805,9241.308868408203,1933.3333333333333,0,1.375,57025.316955566406,0,0,0,0,0,0,0,0,0,0,0,0,0,0,0,0,100,100,100,100,100,100,100,100,100,100,100,100,100,100,100,100,16455806976,7068995584,7621046272,0
102,1708999684916,9241.628646850586,4325,0,1.3875,57027.55909729004,0,0,0,0,0,0,0,0,0,0,0,0,0,0,0,0,100,100,100,100,100,100,100,100,100,100,100,100,100,100,100,100,16455806976,7068995584,7618842624,0
108,1708999685019,9241.907897949219,4325,0,1.3875,57029.26402282715,0,0,0,0,0,0,0,0,0,0,0,0,0,0,0,0,100,100,100,100,100,100,100,100,100,100,100,100,100,100,100,100,16455806976,7068995584,7618084864,0
108,1708999685128,9242.089370727539,4350,0,1.39375,57030.8621673584,0,0,0,0,0,0,0,0,0,0,0,0,0,0,0,0,100,100,100,100,100,100,100,100,100,100,100,100,100,100,100,100,16455806976,7068995584,7623286784,0
111,1708999685236,9242.118606567383,4325,0,1.39375,57032.448638916016,0,0,0,0,0,0,0,0,0,0,0,0,0,0,0,0,100,100,100,100,100,100,100,100,100,100,100,100,100,100,100,100,16455806976,7068995584,7622938624,0
108,1708999685348,7764.034088134766,1922.2222222222222,0,1.375,57034.18054199219,0,0,0,0,0,0,0,0,0,0,0,0,0,0,0,0,100,100,100,100,100,100,100,100,100,100,100,100,100,100,100,100,16455806976,7068995584,7622602752,0
102,1708999685457,9242.687484741211,4325,0,1.3625,57035.97155761719,0,0,0,0,0,0,0,0,0,0,0,0,0,0,0,0,100,100,100,100,100,100,100,100,100,100,100,100,100,100,100,100,16455806976,7068995584,7621672960,0
102,1708999685559,9242.722686767578,4325,0,1.3875,57037.65962219238,0,0,0,0,0,0,0,0,0,0,0,0,0,0,0,0,100,100,100,100,100,100,100,100,100,100,100,100,100,100,100,100,16455806976,7068995584,7621271552,0
107,1708999685662,9242.753814697266,4350,0,1.38125,57039.32661437988,0,0,0,0,0,0,0,0,0,0,0,0,0,0,0,0,100,100,100,100,100,100,100,100,100,100,100,100,100,100,100,100,16455806976,7068995584,7621259264,0
105,1708999685770,10006.204147338867,1933.3333333333333,0,1.375,57041.08901977539,0,0,0,0,0,0,0,0,0,0,0,0,0,0,0,0,100,100,100,100,100,100,100,100,100,100,100,100,100,100,100,100,16455806976,7068995584,7620816896,0
105,1708999685876,9243.199417114258,4350,0,1.38125,57042.865310668945,0,0,0,0,0,0,0,0,0,0,0,0,0,0,0,0,100,100,100,100,100,100,100,100,100,100,100,100,100,100,100,100,16455806976,7068995584,7619014656,0
106,1708999685982,9243.385513305664,4350,0,1.38125,57044.59536743164,0,0,0,0,0,0,0,0,0,0,0,0,0,0,0,0,100,100,100,100,100,100,100,100,100,100,100,100,100,100,100,100,16455806976,7068995584,7618621440,0
107,1708999686089,9243.57048034668,4325,0,1.38125,57046.25386047363,0,0,0,0,0,0,0,0,0,0,0,0,0,0,0,0,100,100,100,100,100,100,100,100,100,100,100,100,100,100,100,100,16455806976,7068995584,7623028736,0
110,1708999686197,8366.697769165039,4350,0,1.35625,57048.05123901367,0,0,0,0,0,0,0,0,0,0,0,0,0,0,0,0,100,100,100,100,100,100,100,100,100,100,100,100,100,100,100,100,16455806976,7068995584,7623147520,0
108,1708999686307,7844.800430297852,4325,0,1.3625,57049.90612792969,0,0,0,0,0,0,0,0,0,0,0,0,0,0,0,0,100,100,100,100,100,100,100,100,100,100,100,100,100,100,100,100,16455806976,7068995584,7621533696,0
107,1708999686416,9243.952850341797,4325,0,1.375,57051.526458740234,0,0,0,0,0,0,0,0,0,0,0,0,0,0,0,0,100,100,100,100,100,100,100,100,100,100,100,100,100,100,100,100,16455806976,7068995584,7620595712,0
104,1708999686524,7765.08935546875,4350,0,1.3375,57053.21174621582,0,0,0,0,0,0,0,0,0,0,0,0,0,0,0,0,100,100,100,100,100,100,100,100,100,100,100,100,100,100,100,100,16455806976,7068995584,7620153344,0
106,1708999686629,9244.494842529297,4300,0,1.39375,57054.86526489258,0,0,0,0,0,0,0,0,0,0,0,0,0,0,0,0,100,100,100,100,100,100,100,100,100,100,100,100,100,100,100,100,16455806976,7068995584,7620190208,0
103,1708999686736,9244.524993896484,4325,0,1.39375,57056.470123291016,0,0,0,0,0,0,0,0,0,0,0,0,0,0,0,0,100,100,100,100,100,100,100,100,100,100,100,100,100,100,100,100,16455806976,7068995584,7619768320,0
105,1708999686840,9244.879302978516,4325,0,1.38125,57058.186599731445,0,0,0,0,0,0,0,0,0,0,0,0,0,0,0,0,100,100,100,100,100,100,100,100,100,100,100,100,100,100,100,100,16455806976,7068995584,7619284992,0
107,1708999686946,9245.076309204102,4325,0,1.3875,57059.82676696777,0,0,0,0,0,0,0,0,0,0,0,0,0,0,0,0,100,100,100,100,100,100,100,100,100,100,100,100,100,100,100,100,16455806976,7068995584,7618322432,0
104,1708999687053,9245.105667114258,4325,0,1.38125,57061.6220703125,0,0,0,0,0,0,0,0,0,0,0,0,0,0,0,0,100,100,100,100,100,100,100,100,100,100,100,100,100,100,100,100,16455806976,7068995584,7622717440,0
107,1708999687159,7765.550018310547,4275,0,1.3625,57063.35090637207,0,0,0,0,0,0,0,0,0,0,0,0,0,0,0,0,100,100,100,100,100,100,100,100,100,100,100,100,100,100,100,100,16455806976,7068995584,7622799360,0
106,1708999687266,7846.433685302734,1933.3333333333333,0,1.35,57065.03926086426,0,0,0,0,0,0,0,0,0,0,0,0,0,0,0,0,100,100,100,100,100,100,100,100,100,100,100,100,100,100,100,100,16455806976,7068995584,7622254592,0
101,1708999687374,7765.703796386719,4325,0,1.36875,57066.836517333984,0,0,0,0,0,0,0,0,0,0,0,0,0,0,0,0,100,100,100,100,100,100,100,100,100,100,100,100,100,100,100,100,16455806976,7068995584,7621173248,0
106,1708999687475,9245.931228637695,4350,0,1.375,57068.53544616699,0,0,0,0,0,0,0,0,0,0,0,0,0,0,0,0,100,100,100,100,100,100,100,100,100,100,100,100,100,100,100,100,16455806976,7068995584,7620722688,0
111,1708999687582,8367.731552124023,4350,2,1.36875,57070.207122802734,0,0,0,0,0,0,0,0,0,0,0,0,0,0,0,0,100,100,100,100,100,100,100,100,100,100,100,100,100,100,100,100,16455806976,7068995584,7620280320,0
100,1708999687693,9246.47998046875,4350,0,1.3875,57071.98368835449,0,0,0,0,0,0,0,0,0,0,0,0,0,0,0,0,100,100,100,100,100,100,100,100,100,100,100,100,100,100,100,100,16455806976,7068995584,7620280320,0
103,1708999687794,7766.010238647461,1933.3333333333333,0,1.3875,57073.55229187012,0,0,0,0,0,0,0,0,0,0,0,0,0,0,0,0,100,100,100,100,100,100,100,100,100,100,100,100,100,100,100,100,16455806976,7068995584,7619878912,0
106,1708999687897,9246.828399658203,4325,0,1.38125,57075.190658569336,0,0,0,0,0,0,0,0,0,0,0,0,0,0,0,0,100,100,100,100,100,100,100,100,100,100,100,100,100,100,100,100,16455806976,7068995584,7619907584,0
112,1708999688004,9247.00912475586,1933.3333333333333,0,1.3875,57076.81311035156,0,0,0,0,0,0,0,0,0,0,0,0,0,0,0,0,100,100,100,100,100,100,100,100,100,100,100,100,100,100,100,100,16455806976,7068995584,7619477504,0
112,1708999688116,9247.381637573242,4325,0,1.36875,57078.658279418945,0,0,0,0,0,0,0,0,0,0,0,0,0,0,0,0,100,100,100,100,100,100,100,100,100,100,100,100,100,100,100,100,16455806976,7068995584,7622746112,0
105,1708999688230,9247.591690063477,4300,0,1.38125,57080.40151977539,0,0,0,0,0,0,0,0,0,0,0,0,0,0,0,0,100,100,100,100,100,100,100,100,100,100,100,100,100,100,100,100,16455806976,7068995584,7622320128,0
109,1708999688335,7766.414962768555,1780,1,1.3875,57082.01232910156,0,0,0,0,0,0,0,0,0,0,0,0,0,0,0,0,100,100,100,100,100,100,100,100,100,100,100,100,100,100,100,100,16455806976,7068995584,7622320128,0
106,1708999688445,9247.802719116211,4325,0,1.38125,57083.731369018555,0,0,0,0,0,0,0,0,0,0,0,0,0,0,0,0,100,100,100,100,100,100,100,100,100,100,100,100,100,100,100,100,16455806976,7068995584,7622516736,0
107,1708999688552,9247.99333190918,4325,0,1.38125,57085.39636230469,0,0,0,0,0,0,0,0,0,0,0,0,0,0,0,0,100,100,100,100,100,100,100,100,100,100,100,100,100,100,100,100,16455806976,7068995584,7622098944,0
112,1708999688659,7766.677383422852,4350,0,1.38125,57087.17176818848,0,0,0,0,0,0,0,0,0,0,0,0,0,0,0,0,100,100,100,100,100,100,100,100,100,100,100,100,100,100,100,100,16455806976,7068995584,7620980736,0
101,1708999688772,7766.748291015625,4325,0,1.38125,57088.897888183594,0,0,0,0,0,0,0,0,0,0,0,0,0,0,0,0,100,100,100,100,100,100,100,100,100,100,100,100,100,100,100,100,16455806976,7068995584,7620583424,0
106,1708999688873,7766.829315185547,4350,0,1.39375,57090.425857543945,0,0,0,0,0,0,0,0,0,0,0,0,0,0,0,0,100,100,100,100,100,100,100,100,100,100,100,100,100,100,100,100,16455806976,7068995584,7620636672,0
106,1708999688980,9248.887145996094,4275,0,1.3625,57092.319900512695,0,0,0,0,0,0,0,0,0,0,0,0,0,0,0,0,100,100,100,100,100,100,100,100,100,100,100,100,100,100,100,100,16455806976,7068995584,7620636672,0
106,1708999689088,9249.084487915039,4350,0,1.38125,57094.00134277344,0,0,0,0,0,0,0,0,0,0,0,0,0,0,0,0,100,100,100,100,100,100,100,100,100,100,100,100,100,100,100,100,16455806976,7068995584,7623151616,0
112,1708999689195,9249.293472290039,4350,0,1.375,57095.64109802246,0,0,0,0,0,0,0,0,0,0,0,0,0,0,0,0,100,100,100,100,100,100,100,100,100,100,100,100,100,100,100,100,16455806976,7068995584,7622144000,0
109,1708999689308,9249.470520019531,4325,0,1.375,57097.462310791016,0,0,0,0,0,0,0,0,0,0,0,0,0,0,0,0,100,100,100,100,100,100,100,100,100,100,100,100,100,100,100,100,16455806976,7068995584,7621709824,0
108,1708999689418,9249.684387207031,4325,0,1.38125,57098.996643066406,0,0,0,0,0,0,0,0,0,0,0,0,0,0,0,0,100,100,100,100,100,100,100,100,100,100,100,100,100,100,100,100,16455806976,7068995584,7621734400,0
111,1708999689527,9249.852661132813,4325,0,1.375,57100.724197387695,0,0,0,0,0,0,0,0,0,0,0,0,0,0,0,0,100,100,100,100,100,100,100,100,100,100,100,100,100,100,100,100,16455806976,7068995584,7621292032,0
112,1708999689639,9250.237060546875,4300,0,1.36875,57102.49333190918,0,0,0,0,0,0,0,0,0,0,0,0,0,0,0,0,100,100,100,100,100,100,100,100,100,100,100,100,100,100,100,100,16455806976,7068995584,7621255168,0
110,1708999689752,9250.396774291992,1911.111111111111,0,1.36875,57104.253005981445,0,0,0,0,0,0,0,0,0,0,0,0,0,0,0,0,100,100,100,100,100,100,100,100,100,100,100,100,100,100,100,100,16455806976,7068995584,7620837376,0
107,1708999689863,9250.602035522461,1922.2222222222222,0,1.3875,57105.95198059082,0,0,0,0,0,0,0,0,0,0,0,0,0,0,0,0,100,100,100,100,100,100,100,100,100,100,100,100,100,100,100,100,16455806976,7068995584,7619584000,0
106,1708999689970,7767.9775390625,4350,0,1.38125,57107.58221435547,0,0,0,0,0,0,0,0,0,0,0,0,0,0,0,0,100,100,100,100,100,100,100,100,100,100,100,100,100,100,100,100,16455806976,7068995584,7619166208,0
112,1708999690077,9251.192504882813,4350,0,1.38125,57109.175537109375,0,0,0,0,0,0,0,0,0,0,0,0,0,0,0,0,100,100,100,100,100,100,100,100,100,100,100,100,100,100,100,100,16455806976,7068995584,7622565888,0
102,1708999690190,9251.581268310547,4325,0,1.375,57110.885681152344,0,0,0,0,0,0,0,0,0,0,0,0,0,0,0,0,100,100,100,100,100,100,100,100,100,100,100,100,100,100,100,100,16455806976,7068995584,7622602752,0
112,1708999690292,9251.611709594727,4300,0,1.38125,57112.57392883301,0,0,0,0,0,0,0,0,0,0,0,0,0,0,0,0,100,100,100,100,100,100,100,100,100,100,100,100,100,100,100,100,16455806976,7068995584,7622176768,0
107,1708999690405,9251.816513061523,4350,0,1.38125,57114.288146972656,0,0,0,0,0,0,0,0,0,0,0,0,0,0,0,0,100,100,100,100,100,100,100,100,100,100,100,100,100,100,100,100,16455806976,7068995584,7621144576,0
107,1708999690513,9252.001739501953,4325,0,1.375,57115.98274230957,0,0,0,0,0,0,0,0,0,0,0,0,0,0,0,0,100,100,100,100,100,100,100,100,100,100,100,100,100,100,100,100,16455806976,7068995584,7621144576,0
107,1708999690621,9252.197341918945,4325,0,1.3875,57117.539001464844,0,0,0,0,0,0,0,0,0,0,0,0,0,0,0,0,100,100,100,100,100,100,100,100,100,100,100,100,100,100,100,100,16455806976,7068995584,7621033984,0
113,1708999690729,9252.379959106445,4350,0,1.375,57119.27877807617,0,0,0,0,0,0,0,0,0,0,0,0,0,0,0,0,100,100,100,100,100,100,100,100,100,100,100,100,100,100,100,100,16455806976,7068995584,7620612096,0
102,1708999690843,9252.410354614258,4275,0,1.38125,57121.00712585449,0,0,0,0,0,0,0,0,0,0,0,0,0,0,0,0,100,100,100,100,100,100,100,100,100,100,100,100,100,100,100,100,16455806976,7068995584,7620218880,0
110,1708999690946,9252.586380004883,4350,0,1.3875,57122.587814331055,0,0,0,0,0,0,0,0,0,0,0,0,0,0,0,0,100,100,100,100,100,100,100,100,100,100,100,100,100,100,100,100,16455806976,7068995584,7619186688,0
106,1708999691056,9252.778182983398,4350,0,1.36875,57124.342224121094,0,0,0,0,0,0,0,0,0,0,0,0,0,0,0,0,100,100,100,100,100,100,100,100,100,100,100,100,100,100,100,100,16455806976,7068995584,7622098944,0
111,1708999691163,9252.816467285156,4350,0,1.3875,57125.956604003906,0,0,0,0,0,0,0,0,0,0,0,0,0,0,0,0,100,100,100,100,100,100,100,100,100,100,100,100,100,100,100,100,16455806976,7068995584,7622115328,0
101,1708999691275,7853.829330444336,4325,0,1.3875,57127.60990905762,0,0,0,0,0,0,0,0,0,0,0,0,0,0,0,0,100,100,100,100,100,100,100,100,100,100,100,100,100,100,100,100,16455806976,7068995584,7621697536,0
111,1708999691377,9253.408233642578,4350,0,1.38125,57129.13217163086,0,0,0,0,0,0,0,0,0,0,0,0,0,0,0,0,100,100,100,100,100,100,100,100,100,100,100,100,100,100,100,100,16455806976,7068995584,7621718016,0
107,1708999691489,9253.442001342773,4300,0,1.36875,57130.76774597168,0,0,0,0,0,0,0,0,0,0,0,0,0,0,0,0,100,100,100,100,100,100,100,100,100,100,100,100,100,100,100,100,16455806976,7068995584,7621271552,0
106,1708999691596,9253.628051757813,1933.3333333333333,0,1.375,57132.40885925293,0,0,0,0,0,0,0,0,0,0,0,0,0,0,0,0,100,100,100,100,100,100,100,100,100,100,100,100,100,100,100,100,16455806976,7068995584,7620853760,0
102,1708999691703,9253.798919677734,1922.2222222222222,0,1.3875,57134.158615112305,0,0,0,0,0,0,0,0,0,0,0,0,0,0,0,0,100,100,100,100,100,100,100,100,100,100,100,100,100,100,100,100,16455806976,7068995584,7619747840,0
106,1708999691806,7769.898162841797,4325,0,1.33125,57135.70762634277,0,0,0,0,0,0,0,0,0,0,0,0,0,0,0,0,100,100,100,100,100,100,100,100,100,100,100,100,100,100,100,100,16455806976,7068995584,7619747840,0
106,1708999691913,9253.982131958008,1922.2222222222222,0,1.38125,57137.44691467285,0,0,0,0,0,0,0,0,0,0,0,0,0,0,0,0,100,100,100,100,100,100,100,100,100,100,100,100,100,100,100,100,16455806976,7068995584,7619784704,0
106,1708999692020,9254.136047363281,4275,0,1.36875,57139.7137298584,0,0,0,0,0,0,0,0,0,0,0,0,0,0,0,0,100,100,100,100,100,100,100,100,100,100,100,100,100,100,100,100,16455806976,7068995584,7619141632,0
104,1708999692127,9254.328155517578,4350,0,1.3625,57141.46250915527,0,0,0,0,0,0,0,0,0,0,0,0,0,0,0,0,100,100,100,100,100,100,100,100,100,100,100,100,100,100,100,100,16455806976,7068995584,7622819840,0
107,1708999692232,7855.649597167969,4300,0,1.38125,57143.090728759766,0,0,0,0,0,0,0,0,0,0,0,0,0,0,0,0,100,100,100,100,100,100,100,100,100,100,100,100,100,100,100,100,16455806976,7068995584,7622377472,0
106,1708999692340,9254.672714233398,1933.3333333333333,0,1.3875,57144.7130279541,0,0,0,0,0,0,0,0,0,0,0,0,0,0,0,0,100,100,100,100,100,100,100,100,100,100,100,100,100,100,100,100,16455806976,7068995584,7621959680,0
103,1708999692447,9254.868515014648,4325,0,1.38125,57146.46812438965,0,0,0,0,0,0,0,0,0,0,0,0,0,0,0,0,100,100,100,100,100,100,100,100,100,100,100,100,100,100,100,100,16455806976,7068995584,7621062656,0
101,1708999692550,9255.212051391602,4300,0,1.3875,57147.9508972168,0,0,0,0,0,0,0,0,0,0,0,0,0,0,0,0,100,100,100,100,100,100,100,100,100,100,100,100,100,100,100,100,16455806976,7068995584,7621062656,0
108,1708999692652,9255.415100097656,4300,0,1.36875,57149.47773742676,0,0,0,0,0,0,0,0,0,0,0,0,0,0,0,0,100,100,100,100,100,100,100,100,100,100,100,100,100,100,100,100,16455806976,7068995584,7620980736,0
106,1708999692761,7770.938629150391,1911.111111111111,0,1.35625,57151.16683959961,0,0,0,0,0,0,0,0,0,0,0,0,0,0,0,0,100,100,100,100,100,100,100,100,100,100,100,100,100,100,100,100,16455806976,7068995584,7620530176,0
107,1708999692868,7856.477447509766,1933.3333333333333,0,1.3875,57152.7579498291,0,0,0,0,0,0,0,0,0,0,0,0,0,0,0,0,100,100,100,100,100,100,100,100,100,100,100,100,100,100,100,100,16455806976,7068995584,7619473408,0
106,1708999692976,9256.123046875,4350,0,1.3875,57154.448791503906,0,0,0,0,0,0,0,0,0,0,0,0,0,0,0,0,100,100,100,100,100,100,100,100,100,100,100,100,100,100,100,100,16455806976,7068995584,7618764800,0
104,1708999693083,7771.160064697266,1933.3333333333333,0,1.39375,57155.930236816406,0,0,0,0,0,0,0,0,0,0,0,0,0,0,0,0,100,100,100,100,100,100,100,100,100,100,100,100,100,100,100,100,16455806976,7068995584,7622205440,0
102,1708999693187,9256.632843017578,4325,0,1.3625,57157.70249938965,0,0,0,0,0,0,0,0,0,0,0,0,0,0,0,0,100,100,100,100,100,100,100,100,100,100,100,100,100,100,100,100,16455806976,7068995584,7622209536,0
106,1708999693290,7857.456192016602,4325,0,1.3875,57159.184967041016,0,0,0,0,0,0,0,0,0,0,0,0,0,0,0,0,100,100,100,100,100,100,100,100,100,100,100,100,100,100,100,100,16455806976,7068995584,7622209536,0
104,1708999693397,7771.40299987793,1933.3333333333333,0,1.38125,57160.79849243164,0,0,0,0,0,0,0,0,0,0,0,0,0,0,0,0,100,100,100,100,100,100,100,100,100,100,100,100,100,100,100,100,16455806976,7068995584,7621238784,0
103,1708999693502,7771.475173950195,4325,0,1.375,57162.35534667969,0,0,0,0,0,0,0,0,0,0,0,0,0,0,0,0,100,100,100,100,100,100,100,100,100,100,100,100,100,100,100,100,16455806976,7068995584,7620907008,0
111,1708999693606,10019.71826171875,1922.2222222222222,0,1.375,57163.81217956543,0,0,0,0,0,0,0,0,0,0,0,0,0,0,0,0,100,100,100,100,100,100,100,100,100,100,100,100,100,100,100,100,16455806976,7068995584,7620874240,0
109,1708999693717,9257.854537963867,4350,0,1.38125,57165.54066467285,0,0,0,0,0,0,0,0,0,0,0,0,0,0,0,0,100,100,100,100,100,100,100,100,100,100,100,100,100,100,100,100,16455806976,7068995584,7620481024,0
110,1708999693828,9258.056137084961,4300,0,1.375,57167.22268676758,0,0,0,0,0,0,0,0,0,0,0,0,0,0,0,0,100,100,100,100,100,100,100,100,100,100,100,100,100,100,100,100,16455806976,7068995584,7620063232,0
106,1708999693939,9258.239471435547,4300,0,1.36875,57168.901947021484,0,0,0,0,0,0,0,0,0,0,0,0,0,0,0,0,100,100,100,100,100,100,100,100,100,100,100,100,100,100,100,100,16455806976,7068995584,7620018176,0
105,1708999694046,9258.436813354492,4325,0,1.375,57170.49809265137,0,0,0,0,0,0,0,0,0,0,0,0,0,0,0,0,100,100,100,100,100,100,100,100,100,100,100,100,100,100,100,100,16455806976,7068995584,7622770688,0
108,1708999694152,9258.602722167969,1650,2,1.375,57172.14155578613,0,0,0,0,0,0,0,0,0,0,0,0,0,0,0,0,100,100,100,100,100,100,100,100,100,100,100,100,100,100,100,100,16455806976,7068995584,7622467584,0
115,1708999694260,9258.946319580078,4350,0,1.36875,57173.836181640625,0,0,0,0,0,0,0,0,0,0,0,0,0,0,0,0,100,100,100,100,100,100,100,100,100,100,100,100,100,100,100,100,16455806976,7068995584,7622070272,0
105,1708999694376,9259.367233276367,4350,0,1.38125,57175.76623535156,0,0,0,0,0,0,0,0,0,0,0,0,0,0,0,0,100,100,100,100,100,100,100,100,100,100,100,100,100,100,100,100,16455806976,7068995584,7620943872,0
107,1708999694483,9259.697845458984,1933.3333333333333,0,1.39375,57177.26475524902,0,0,0,0,0,0,0,0,0,0,0,0,0,0,0,0,100,100,100,100,100,100,100,100,100,100,100,100,100,100,100,100,16455806976,7068995584,7620575232,0
105,1708999694591,7772.455718994141,4350,0,1.35,57178.90103149414,0,0,0,0,0,0,0,0,0,0,0,0,0,0,0,0,100,100,100,100,100,100,100,100,100,100,100,100,100,100,100,100,16455806976,7068995584,7620579328,0
107,1708999694696,7772.534698486328,4300,0,1.36875,57180.522384643555,0,0,0,0,0,0,0,0,0,0,0,0,0,0,0,0,100,100,100,100,100,100,100,100,100,100,100,100,100,100,100,100,16455806976,7068995584,7620493312,0
105,1708999694804,9260.229904174805,4350,0,1.39375,57181.962982177734,0,0,0,0,0,0,0,0,0,0,0,0,0,0,0,0,100,100,100,100,100,100,100,100,100,100,100,100,100,100,100,100,16455806976,7068995584,7620075520,0
109,1708999694910,7860.371078491211,1933.3333333333333,0,1.38125,57184.69190979004,0,0,0,0,0,0,0,0,0,0,0,0,0,0,0,0,100,100,100,100,100,100,100,100,100,100,100,100,100,100,100,100,16455806976,7068995584,7617691648,0
106,1708999695020,9260.875854492188,4300,0,1.38125,57186.22970581055,0,0,0,0,0,0,0,0,0,0,0,0,0,0,0,0,100,100,100,100,100,100,100,100,100,100,100,100,100,100,100,100,16455806976,7068995584,7617236992,0
105,1708999695127,9261.393737792969,4325,0,1.38125,57187.859298706055,0,0,0,0,0,0,0,0,0,0,0,0,0,0,0,0,100,100,100,100,100,100,100,100,100,100,100,100,100,100,100,100,16455806976,7068995584,7621844992,0
108,1708999695233,9261.593704223633,4325,0,1.375,57189.368255615234,0,0,0,0,0,0,0,0,0,0,0,0,0,0,0,0,100,100,100,100,100,100,100,100,100,100,100,100,100,100,100,100,16455806976,7068995584,7621132288,0
110,1708999695342,9262.067657470703,1933.3333333333333,0,1.35625,57190.982009887695,0,0,0,0,0,0,0,0,0,0,0,0,0,0,0,0,100,100,100,100,100,100,100,100,100,100,100,100,100,100,100,100,16455806976,7068995584,7620734976,0
104,1708999695453,7861.303176879883,1911.111111111111,0,1.375,57192.65660095215,0,0,0,0,0,0,0,0,0,0,0,0,0,0,0,0,100,100,100,100,100,100,100,100,100,100,100,100,100,100,100,100,16455806976,7068995584,7621120000,0
111,1708999695558,7773.298034667969,1900,0,1.36875,57194.252532958984,0,0,0,0,0,0,0,0,0,0,0,0,0,0,0,0,100,100,100,100,100,100,100,100,100,100,100,100,100,100,100,100,16455806976,7068995584,7620722688,0
106,1708999695670,7861.670974731445,4350,0,1.3875,57195.859436035156,0,0,0,0,0,0,0,0,0,0,0,0,0,0,0,0,100,100,100,100,100,100,100,100,100,100,100,100,100,100,100,100,16455806976,7068995584,7620997120,0
106,1708999695776,9263.084655761719,4350,0,1.3875,57197.51382446289,0,0,0,0,0,0,0,0,0,0,0,0,0,0,0,0,100,100,100,100,100,100,100,100,100,100,100,100,100,100,100,100,16455806976,7068995584,7620997120,0
105,1708999695883,8373.146102905273,4350,0,1.3875,57198.98368835449,0,0,0,0,0,0,0,0,0,0,0,0,0,0,0,0,100,100,100,100,100,100,100,100,100,100,100,100,100,100,100,100,16455806976,7068995584,7620259840,0
106,1708999695989,9263.478973388672,4350,0,1.3625,57200.709396362305,0,0,0,0,0,0,0,0,0,0,0,0,0,0,0,0,100,100,100,100,100,100,100,100,100,100,100,100,100,100,100,100,16455806976,7068995584,7619887104,0
107,1708999696095,9263.665756225586,4300,0,1.375,57202.29699707031,0,0,0,0,0,0,0,0,0,0,0,0,0,0,0,0,100,100,100,100,100,100,100,100,100,100,100,100,100,100,100,100,16455806976,7068995584,7622266880,0
111,1708999696203,9263.850479125977,4325,0,1.375,57203.82206726074,0,0,0,0,0,0,0,0,0,0,0,0,0,0,0,0,100,100,100,100,100,100,100,100,100,100,100,100,100,100,100,100,16455806976,7068995584,7622565888,0
107,1708999696314,9264.030563354492,4350,0,1.375,57205.40174865723,0,0,0,0,0,0,0,0,0,0,0,0,0,0,0,0,100,100,100,100,100,100,100,100,100,100,100,100,100,100,100,100,16455806976,7068995584,7622565888,0
106,1708999696422,9264.226455688477,4300,0,1.375,57206.98989868164,0,0,0,0,0,0,0,0,0,0,0,0,0,0,0,0,100,100,100,100,100,100,100,100,100,100,100,100,100,100,100,100,16455806976,7068995584,7621853184,0
114,1708999696529,9264.403381347656,4350,0,1.3875,57208.56660461426,0,0,0,0,0,0,0,0,0,0,0,0,0,0,0,0,100,100,100,100,100,100,100,100,100,100,100,100,100,100,100,100,16455806976,7068995584,7621554176,0
112,1708999696644,9264.601287841797,4250,0,1.375,57210.307861328125,0,0,0,0,0,0,0,0,0,0,0,0,0,0,0,0,100,100,100,100,100,100,100,100,100,100,100,100,100,100,100,100,16455806976,7068995584,7621300224,0
110,1708999696757,7863.254791259766,4350,0,1.38125,57211.88162231445,0,0,0,0,0,0,0,0,0,0,0,0,0,0,0,0,100,100,100,100,100,100,100,100,100,100,100,100,100,100,100,100,16455806976,7068995584,7620878336,0
108,1708999696868,7863.44792175293,4350,0,1.35625,57213.567321777344,0,0,0,0,0,0,0,0,0,0,0,0,0,0,0,0,100,100,100,100,100,100,100,100,100,100,100,100,100,100,100,100,16455806976,7068995584,7620644864,0
106,1708999696976,9264.980041503906,4350,0,1.38125,57215.24522399902,0,0,0,0,0,0,0,0,0,0,0,0,0,0,0,0,100,100,100,100,100,100,100,100,100,100,100,100,100,100,100,100,16455806976,7068995584,7620227072,0
108,1708999697083,9265.170211791992,4350,0,1.36875,57216.77331542969,0,0,0,0,0,0,0,0,0,0,0,0,0,0,0,0,100,100,100,100,100,100,100,100,100,100,100,100,100,100,100,100,16455806976,7068995584,7622545408,0
102,1708999697192,9265.351104736328,4350,0,1.36875,57218.47880554199,0,0,0,0,0,0,0,0,0,0,0,0,0,0,0,0,100,100,100,100,100,100,100,100,100,100,100,100,100,100,100,100,16455806976,7068995584,7622311936,0
105,1708999697295,7774.493667602539,1933.3333333333333,0,1.375,57219.823013305664,0,0,0,0,0,0,0,0,0,0,0,0,0,0,0,0,100,100,100,100,100,100,100,100,100,100,100,100,100,100,100,100,16455806976,7068995584,7621918720,0
105,1708999697401,9265.676177978516,4350,0,1.3875,57221.22424316406,0,0,0,0,0,0,0,0,0,0,0,0,0,0,0,0,100,100,100,100,100,100,100,100,100,100,100,100,100,100,100,100,16455806976,7068995584,7621758976,0
104,1708999697507,9265.852340698242,4350,0,1.35625,57222.71252441406,0,0,0,0,0,0,0,0,0,0,0,0,0,0,0,0,100,100,100,100,100,100,100,100,100,100,100,100,100,100,100,100,16455806976,7068995584,7621124096,0
109,1708999697612,9266.021469116211,1980,0,1.4,57224.136459350586,0,0,0,0,0,0,0,0,0,0,0,0,0,0,0,0,100,100,100,100,100,100,100,100,100,100,100,100,100,100,100,100,16455806976,7068995584,7619903488,0
106,1708999697722,9266.197341918945,4300,0,1.40625,57225.587341308594,0,0,0,0,0,0,0,0,0,0,0,0,0,0,0,0,100,100,100,100,100,100,100,100,100,100,100,100,100,100,100,100,16455806976,7068995584,7619903488,0
112,1708999697829,9266.36605834961,4350,0,1.38125,57227.12626647949,0,0,0,0,0,0,0,0,0,0,0,0,0,0,0,0,100,100,100,100,100,100,100,100,100,100,100,100,100,100,100,100,16455806976,7068995584,7619530752,0
105,1708999697942,9266.521713256836,4350,0,1.38125,57228.786392211914,0,0,0,0,0,0,0,0,0,0,0,0,0,0,0,0,100,100,100,100,100,100,100,100,100,100,100,100,100,100,100,100,16455806976,7068995584,7619760128,0
109,1708999698049,7775.01904296875,4350,0,1.4,57230.31072998047,0,0,0,0,0,0,0,0,0,0,0,0,0,0,0,0,100,100,100,100,100,100,100,100,100,100,100,100,100,100,100,100,16455806976,7068995584,7621951488,0
110,1708999698159,9267.023254394531,4350,0,1.36875,57231.928634643555,0,0,0,0,0,0,0,0,0,0,0,0,0,0,0,0,100,100,100,100,100,100,100,100,100,100,100,100,100,100,100,100,16455806976,7068995584,7622131712,0
110,1708999698270,7865.51513671875,4350,0,1.3875,57233.4912109375,0,0,0,0,0,0,0,0,0,0,0,0,0,0,0,0,100,100,100,100,100,100,100,100,100,100,100,100,100,100,100,100,16455806976,7068995584,7621718016,0
113,1708999698381,9267.510711669922,4350,0,1.3875,57235.00117492676,0,0,0,0,0,0,0,0,0,0,0,0,0,0,0,0,100,100,100,100,100,100,100,100,100,100,100,100,100,100,100,100,16455806976,7068995584,7621939200,0
110,1708999698495,9267.843719482422,4350,0,1.38125,57236.715576171875,0,0,0,0,0,0,0,0,0,0,0,0,0,0,0,0,100,100,100,100,100,100,100,100,100,100,100,100,100,100,100,100,16455806976,7068995584,7621939200,0
111,1708999698606,9267.890411376953,4350,0,1.3875,57238.179946899414,0,0,0,0,0,0,0,0,0,0,0,0,0,0,0,0,100,100,100,100,100,100,100,100,100,100,100,100,100,100,100,100,16455806976,7068995584,7622164480,0
105,1708999698717,7775.521789550781,4350,0,1.375,57239.6803894043,0,0,0,0,0,0,0,0,0,0,0,0,0,0,0,0,100,100,100,100,100,100,100,100,100,100,100,100,100,100,100,100,16455806976,7068995584,7621857280,0
106,1708999698823,9268.059768676758,1922.2222222222222,0,1.33125,57241.09159851074,0,0,0,0,0,0,0,0,0,0,0,0,0,0,0,0,100,100,100,100,100,100,100,100,100,100,100,100,100,100,100,100,16455806976,7068995584,7621857280,0
107,1708999698930,9268.218811035156,4350,0,1.39375,57242.60678100586,0,0,0,0,0,0,0,0,0,0,0,0,0,0,0,0,100,100,100,100,100,100,100,100,100,100,100,100,100,100,100,100,16455806976,7068995584,7621050368,0
106,1708999699038,9268.397186279297,4325,0,1.4,57244.01515197754,0,0,0,0,0,0,0,0,0,0,0,0,0,0,0,0,100,100,100,100,100,100,100,100,100,100,100,100,100,100,100,100,16455806976,7068995584,7621795840,0
104,1708999699145,9268.573745727539,4350,0,1.375,57245.558181762695,0,0,0,0,0,0,0,0,0,0,0,0,0,0,0,0,100,100,100,100,100,100,100,100,100,100,100,100,100,100,100,100,16455806976,7068995584,7621562368,0
108,1708999699250,7775.912384033203,1780,1,1.38125,57247.04333496094,0,0,0,0,0,0,0,0,0,0,0,0,0,0,0,0,100,100,100,100,100,100,100,100,100,100,100,100,100,100,100,100,16455806976,7068995584,7621459968,0
105,1708999699358,9268.887985229492,4350,0,1.3625,57248.604064941406,0,0,0,0,0,0,0,0,0,0,0,0,0,0,0,0,100,100,100,100,100,100,100,100,100,100,100,100,100,100,100,100,16455806976,7068995584,7621287936,0
102,1708999699464,7776.07926940918,1933.3333333333333,0,1.38125,57250.07032775879,0,0,0,0,0,0,0,0,0,0,0,0,0,0,0,0,100,100,100,100,100,100,100,100,100,100,100,100,100,100,100,100,16455806976,7068995584,7621287936,0
104,1708999699569,7776.17057800293,4350,0,1.35625,57251.5606842041,0,0,0,0,0,0,0,0,0,0,0,0,0,0,0,0,100,100,100,100,100,100,100,100,100,100,100,100,100,100,100,100,16455806976,7068995584,7620943872,0
100,1708999699674,9269.33723449707,1933.3333333333333,0,1.34375,57253.04820251465,0,0,0,0,0,0,0,0,0,0,0,0,0,0,0,0,100,100,100,100,100,100,100,100,100,100,100,100,100,100,100,100,16455806976,7068995584,7621148672,0
106,1708999699774,7867.748474121094,1780,1,1.4125,57254.45756530762,0,0,0,0,0,0,0,0,0,0,0,0,0,0,0,0,100,100,100,100,100,100,100,100,100,100,100,100,100,100,100,100,16455806976,7068995584,7620751360,0
108,1708999699881,9269.65608215332,4350,0,1.36875,57255.981994628906,0,0,0,0,0,0,0,0,0,0,0,0,0,0,0,0,100,100,100,100,100,100,100,100,100,100,100,100,100,100,100,100,16455806976,7068995584,7620583424,0
106,1708999699990,9269.822235107422,4350,0,1.33125,57257.34275817871,0,0,0,0,0,0,0,0,0,0,0,0,0,0,0,0,100,100,100,100,100,100,100,100,100,100,100,100,100,100,100,100,16455806976,7068995584,7620153344,0
103,1708999700096,9269.992553710938,4350,0,1.39375,57258.858810424805,0,0,0,0,0,0,0,0,0,0,0,0,0,0,0,0,100,100,100,100,100,100,100,100,100,100,100,100,100,100,100,100,16455806976,7068995584,7622705152,0
107,1708999700200,9270.019729614258,4350,0,1.375,57260.107360839844,0,0,0,0,0,0,0,0,0,0,0,0,0,0,0,0,100,100,100,100,100,100,100,100,100,100,100,100,100,100,100,100,16455806976,7068995584,7621439488,0
105,1708999700307,9270.171188354492,1933.3333333333333,0,1.35625,57261.57583618164,0,0,0,0,0,0,0,0,0,0,0,0,0,0,0,0,100,100,100,100,100,100,100,100,100,100,100,100,100,100,100,100,16455806976,7068995584,7621390336,0
112,1708999700413,9270.338806152344,4350,0,1.40625,57263.097091674805,0,0,0,0,0,0,0,0,0,0,0,0,0,0,0,0,100,100,100,100,100,100,100,100,100,100,100,100,100,100,100,100,16455806976,7068995584,7621234688,0
101,1708999700526,9270.49382019043,4350,0,1.3875,57264.71611022949,0,0,0,0,0,0,0,0,0,0,0,0,0,0,0,0,100,100,100,100,100,100,100,100,100,100,100,100,100,100,100,100,16455806976,7068995584,7621234688,0
111,1708999700629,9270.660247802734,4350,0,1.375,57266.122802734375,0,0,0,0,0,0,0,0,0,0,0,0,0,0,0,0,100,100,100,100,100,100,100,100,100,100,100,100,100,100,100,100,16455806976,7068995584,7621537792,0
105,1708999700741,7777.045715332031,1922.2222222222222,0,1.375,57267.6798248291,0,0,0,0,0,0,0,0,0,0,0,0,0,0,0,0,100,100,100,100,100,100,100,100,100,100,100,100,100,100,100,100,16455806976,7068995584,7621484544,0
106,1708999700846,9527.870697021484,1922.2222222222222,0,1.3875,57269.18606567383,0,0,0,0,0,0,0,0,0,0,0,0,0,0,0,0,100,100,100,100,100,100,100,100,100,100,100,100,100,100,100,100,16455806976,7068995584,7621140480,0
107,1708999700953,9271.129089355469,4300,0,1.375,57270.64094543457,0,0,0,0,0,0,0,0,0,0,0,0,0,0,0,0,100,100,100,100,100,100,100,100,100,100,100,100,100,100,100,100,16455806976,7068995584,7620104192,0
115,1708999701061,7777.27424621582,1933.3333333333333,0,1.36875,57272.211654663086,0,0,0,0,0,0,0,0,0,0,0,0,0,0,0,0,100,100,100,100,100,100,100,100,100,100,100,100,100,100,100,100,16455806976,7068995584,7622582272,0
108,1708999701178,7777.377166748047,1933.3333333333333,0,1.35625,57273.82507324219,0,0,0,0,0,0,0,0,0,0,0,0,0,0,0,0,100,100,100,100,100,100,100,100,100,100,100,100,100,100,100,100,16455806976,7068995584,7622770688,0
107,1708999701287,9271.76091003418,4350,0,1.39375,57275.44285583496,0,0,0,0,0,0,0,0,0,0,0,0,0,0,0,0,100,100,100,100,100,100,100,100,100,100,100,100,100,100,100,100,16455806976,7068995584,7622352896,0
105,1708999701394,9271.91748046875,4350,0,1.3875,57276.92332458496,0,0,0,0,0,0,0,0,0,0,0,0,0,0,0,0,100,100,100,100,100,100,100,100,100,100,100,100,100,100,100,100,16455806976,7068995584,7621509120,0
102,1708999701500,9272.094284057617,4325,0,1.40625,57278.360290527344,0,0,0,0,0,0,0,0,0,0,0,0,0,0,0,0,100,100,100,100,100,100,100,100,100,100,100,100,100,100,100,100,16455806976,7068995584,7621115904,0
107,1708999701602,9272.252624511719,4350,0,1.375,57279.68997192383,0,0,0,0,0,0,0,0,0,0,0,0,0,0,0,0,100,100,100,100,100,100,100,100,100,100,100,100,100,100,100,100,16455806976,7068995584,7621218304,0
106,1708999701710,9272.431228637695,4350,0,1.375,57281.16632080078,0,0,0,0,0,0,0,0,0,0,0,0,0,0,0,0,100,100,100,100,100,100,100,100,100,100,100,100,100,100,100,100,16455806976,7068995584,7621005312,0
112,1708999701816,9272.59359741211,4350,0,1.375,57282.55271911621,0,0,0,0,0,0,0,0,0,0,0,0,0,0,0,0,100,100,100,100,100,100,100,100,100,100,100,100,100,100,100,100,16455806976,7068995584,7621005312,0
101,1708999701929,7777.889312744141,1933.3333333333333,0,1.36875,57284.09194946289,0,0,0,0,0,0,0,0,0,0,0,0,0,0,0,0,100,100,100,100,100,100,100,100,100,100,100,100,100,100,100,100,16455806976,7068995584,7621206016,0
111,1708999702031,8904.491088867188,1922.2222222222222,0,1.3875,57286.09516906738,0,0,0,0,0,0,0,0,0,0,0,0,0,0,0,0,100,100,100,100,100,100,100,100,100,100,100,100,100,100,100,100,16455806976,7068995584,7622361088,0
101,1708999702143,9273.147232055664,4350,0,1.38125,57287.7702331543,0,0,0,0,0,0,0,0,0,0,0,0,0,0,0,0,100,100,100,100,100,100,100,100,100,100,100,100,100,100,100,100,16455806976,7068995584,7622053888,0
111,1708999702245,9273.299179077148,1933.3333333333333,0,1.375,57289.11639404297,0,0,0,0,0,0,0,0,0,0,0,0,0,0,0,0,100,100,100,100,100,100,100,100,100,100,100,100,100,100,100,100,16455806976,7068995584,7621984256,0
106,1708999702356,9273.335067749023,4350,0,1.3375,57290.63259887695,0,0,0,0,0,0,0,0,0,0,0,0,0,0,0,0,100,100,100,100,100,100,100,100,100,100,100,100,100,100,100,100,16455806976,7068995584,7622176768,0
106,1708999702463,9273.369201660156,4350,0,1.35625,57292.080337524414,0,0,0,0,0,0,0,0,0,0,0,0,0,0,0,0,100,100,100,100,100,100,100,100,100,100,100,100,100,100,100,100,16455806976,7068995584,7622176768,0
111,1708999702570,8905.536102294922,1650,2,1.375,57293.58058166504,0,0,0,0,0,0,0,0,0,0,0,0,0,0,0,0,100,100,100,100,100,100,100,100,100,100,100,100,100,100,100,100,16455806976,7068995584,7621775360,0
109,1708999702681,7778.695541381836,4350,0,1.4,57295.118881225586,0,0,0,0,0,0,0,0,0,0,0,0,0,0,0,0,100,100,100,100,100,100,100,100,100,100,100,100,100,100,100,100,16455806976,7068995584,7620947968,0
105,1708999702791,9273.973510742188,1933.3333333333333,0,1.33125,57296.5940246582,0,0,0,0,0,0,0,0,0,0,0,0,0,0,0,0,100,100,100,100,100,100,100,100,100,100,100,100,100,100,100,100,16455806976,7068995584,7620567040,0
106,1708999702897,7778.836761474609,4350,0,1.35,57298.01496887207,0,0,0,0,0,0,0,0,0,0,0,0,0,0,0,0,100,100,100,100,100,100,100,100,100,100,100,100,100,100,100,100,16455806976,7068995584,7620825088,0
106,1708999703004,9274.304122924805,4350,0,1.39375,57299.48002624512,0,0,0,0,0,0,0,0,0,0,0,0,0,0,0,0,100,100,100,100,100,100,100,100,100,100,100,100,100,100,100,100,16455806976,7068995584,7620468736,0
100,1708999703111,9274.490921020508,1780,1,1.35625,57300.89402770996,0,0,0,0,0,0,0,0,0,0,0,0,0,0,0,0,100,100,100,100,100,100,100,100,100,100,100,100,100,100,100,100,16455806976,7068995584,7622230016,0
109,1708999703212,9274.640060424805,4350,0,1.36875,57302.32534790039,0,0,0,0,0,0,0,0,0,0,0,0,0,0,0,0,100,100,100,100,100,100,100,100,100,100,100,100,100,100,100,100,16455806976,7068995584,7621861376,0
106,1708999703322,7873.431716918945,1911.111111111111,0,1.39375,57303.807205200195,0,0,0,0,0,0,0,0,0,0,0,0,0,0,0,0,100,100,100,100,100,100,100,100,100,100,100,100,100,100,100,100,16455806976,7068995584,7621824512,0
104,1708999703429,9275.110900878906,4350,0,1.36875,57305.31901550293,0,0,0,0,0,0,0,0,0,0,0,0,0,0,0,0,100,100,100,100,100,100,100,100,100,100,100,100,100,100,100,100,16455806976,7068995584,7621718016,0
107,1708999703534,9275.291702270508,4325,0,1.3875,57306.84753417969,0,0,0,0,0,0,0,0,0,0,0,0,0,0,0,0,100,100,100,100,100,100,100,100,100,100,100,100,100,100,100,100,16455806976,7068995584,7621718016,0
105,1708999703642,9275.448669433594,4350,0,1.3875,57308.2706451416,0,0,0,0,0,0,0,0,0,0,0,0,0,0,0,0,100,100,100,100,100,100,100,100,100,100,100,100,100,100,100,100,16455806976,7068995584,7620890624,0
111,1708999703748,9275.630081176758,4350,0,1.38125,57309.74137878418,0,0,0,0,0,0,0,0,0,0,0,0,0,0,0,0,100,100,100,100,100,100,100,100,100,100,100,100,100,100,100,100,16455806976,7068995584,7620870144,0
106,1708999703860,9275.778060913086,4350,0,1.375,57311.26208496094,0,0,0,0,0,0,0,0,0,0,0,0,0,0,0,0,100,100,100,100,100,100,100,100,100,100,100,100,100,100,100,100,16455806976,7068995584,7620730880,0
105,1708999703966,10033.267456054688,4350,0,1.375,57312.69093322754,0,0,0,0,0,0,0,0,0,0,0,0,0,0,0,0,100,100,100,100,100,100,100,100,100,100,100,100,100,100,100,100,16455806976,7068995584,7620751360,0
106,1708999704073,9276.067687988281,1933.3333333333333,0,1.33125,57314.10319519043,0,0,0,0,0,0,0,0,0,0,0,0,0,0,0,0,100,100,100,100,100,100,100,100,100,100,100,100,100,100,100,100,16455806976,7068995584,7621996544,0
111,1708999704179,9276.207214355469,1780,1,1.375,57315.48550415039,0,0,0,0,0,0,0,0,0,0,0,0,0,0,0,0,100,100,100,100,100,100,100,100,100,100,100,100,100,100,100,100,16455806976,7068995584,7622184960,0
109,1708999704291,7874.6505126953125,4350,0,1.35625,57317.026794433594,0,0,0,0,0,0,0,0,0,0,0,0,0,0,0,0,100,100,100,100,100,100,100,100,100,100,100,100,100,100,100,100,16455806976,7068995584,7621783552,0
107,1708999704401,7780.048538208008,1922.2222222222222,0,1.3875,57318.402893066406,0,0,0,0,0,0,0,0,0,0,0,0,0,0,0,0,100,100,100,100,100,100,100,100,100,100,100,100,100,100,100,100,16455806976,7068995584,7621992448,0
111,1708999704509,9276.781661987305,4325,0,1.35625,57319.90489196777,0,0,0,0,0,0,0,0,0,0,0,0,0,0,0,0,100,100,100,100,100,100,100,100,100,100,100,100,100,100,100,100,16455806976,7068995584,7621623808,0
108,1708999704620,9276.92514038086,4350,0,1.40625,57321.3839263916,0,0,0,0,0,0,0,0,0,0,0,0,0,0,0,0,100,100,100,100,100,100,100,100,100,100,100,100,100,100,100,100,16455806976,7068995584,7621939200,0
104,1708999704730,9277.08544921875,4350,0,1.36875,57322.805236816406,0,0,0,0,0,0,0,0,0,0,0,0,0,0,0,0,100,100,100,100,100,100,100,100,100,100,100,100,100,100,100,100,16455806976,7068995584,7621603328,0
105,1708999704835,10034.18539428711,4350,0,1.3875,57324.10838317871,0,0,0,0,0,0,0,0,0,0,0,0,0,0,0,0,100,100,100,100,100,100,100,100,100,100,100,100,100,100,100,100,16455806976,7068995584,7621603328,0
105,1708999704941,9277.247161865234,4350,0,1.3625,57325.56704711914,0,0,0,0,0,0,0,0,0,0,0,0,0,0,0,0,100,100,100,100,100,100,100,100,100,100,100,100,100,100,100,100,16455806976,7068995584,7620378624,0
111,1708999705046,9277.368835449219,1650,2,1.39375,57326.97589111328,0,0,0,0,0,0,0,0,0,0,0,0,0,0,0,0,100,100,100,100,100,100,100,100,100,100,100,100,100,100,100,100,16455806976,7068995584,7621861376,0
107,1708999705158,9277.395370483398,4350,0,1.36875,57328.43751525879,0,0,0,0,0,0,0,0,0,0,0,0,0,0,0,0,100,100,100,100,100,100,100,100,100,100,100,100,100,100,100,100,16455806976,7068995584,7621677056,0
109,1708999705265,7780.631134033203,4350,0,1.34375,57329.82063293457,0,0,0,0,0,0,0,0,0,0,0,0,0,0,0,0,100,100,100,100,100,100,100,100,100,100,100,100,100,100,100,100,16455806976,7068995584,7621677056,0
101,1708999705375,9277.677017211914,4350,0,1.375,57331.229568481445,0,0,0,0,0,0,0,0,0,0,0,0,0,0,0,0,100,100,100,100,100,100,100,100,100,100,100,100,100,100,100,100,16455806976,7068995584,7621570560,0
112,1708999705477,7780.797027587891,1780,1,1.36875,57332.64666748047,0,0,0,0,0,0,0,0,0,0,0,0,0,0,0,0,100,100,100,100,100,100,100,100,100,100,100,100,100,100,100,100,16455806976,7068995584,7621570560,0
106,1708999705589,9277.982833862305,4350,0,1.33125,57333.99089050293,0,0,0,0,0,0,0,0,0,0,0,0,0,0,0,0,100,100,100,100,100,100,100,100,100,100,100,100,100,100,100,100,16455806976,7068995584,7621152768,0
101,1708999705696,9278.161117553711,4350,0,1.40625,57335.44596862793,0,0,0,0,0,0,0,0,0,0,0,0,0,0,0,0,100,100,100,100,100,100,100,100,100,100,100,100,100,100,100,100,16455806976,7068995584,7621398528,0
102,1708999705798,8911.489074707031,1980,0,1.38125,57336.80010986328,0,0,0,0,0,0,0,0,0,0,0,0,0,0,0,0,100,100,100,100,100,100,100,100,100,100,100,100,100,100,100,100,16455806976,7068995584,7621058560,0
105,1708999705901,9278.4521484375,4350,0,1.4,57338.18960571289,0,0,0,0,0,0,0,0,0,0,0,0,0,0,0,0,100,100,100,100,100,100,100,100,100,100,100,100,100,100,100,100,16455806976,7068995584,7620308992,0
107,1708999706007,7781.149124145508,4350,0,1.3375,57339.73432922363,0,0,0,0,0,0,0,0,0,0,0,0,0,0,0,0,100,100,100,100,100,100,100,100,100,100,100,100,100,100,100,100,16455806976,7068995584,7619907584,0
109,1708999706114,7878.042510986328,1933.3333333333333,0,1.39375,57341.14321899414,0,0,0,0,0,0,0,0,0,0,0,0,0,0,0,0,100,100,100,100,100,100,100,100,100,100,100,100,100,100,100,100,16455806976,7068995584,7622217728,0
107,1708999706224,8912.639709472656,1780,1,1.34375,57342.68537902832,0,0,0,0,0,0,0,0,0,0,0,0,0,0,0,0,100,100,100,100,100,100,100,100,100,100,100,100,100,100,100,100,16455806976,7068995584,7621877760,0
102,1708999706332,9279.088119506836,4350,0,1.36875,57344.16796875,0,0,0,0,0,0,0,0,0,0,0,0,0,0,0,0,100,100,100,100,100,100,100,100,100,100,100,100,100,100,100,100,16455806976,7068995584,7621877760,0
107,1708999706435,7781.462493896484,1780,1,1.40625,57345.62272644043,0,0,0,0,0,0,0,0,0,0,0,0,0,0,0,0,100,100,100,100,100,100,100,100,100,100,100,100,100,100,100,100,16455806976,7068995584,7621181440,0
111,1708999706542,9279.402465820313,4350,0,1.38125,57347.243591308594,0,0,0,0,0,0,0,0,0,0,0,0,0,0,0,0,100,100,100,100,100,100,100,100,100,100,100,100,100,100,100,100,16455806976,7068995584,7621181440,0
109,1708999706654,9279.578399658203,4325,0,1.4,57348.84190368652,0,0,0,0,0,0,0,0,0,0,0,0,0,0,0,0,100,100,100,100,100,100,100,100,100,100,100,100,100,100,100,100,16455806976,7068995584,7621443584,0
112,1708999706764,7879.094268798828,4350,0,1.35625,57350.48385620117,0,0,0,0,0,0,0,0,0,0,0,0,0,0,0,0,100,100,100,100,100,100,100,100,100,100,100,100,100,100,100,100,16455806976,7068995584,7621443584,0
106,1708999706877,9279.917221069336,4350,0,1.35625,57352.030197143555,0,0,0,0,0,0,0,0,0,0,0,0,0,0,0,0,100,100,100,100,100,100,100,100,100,100,100,100,100,100,100,100,16455806976,7068995584,7621332992,0
106,1708999706984,9280.089263916016,4325,0,1.38125,57353.46925354004,0,0,0,0,0,0,0,0,0,0,0,0,0,0,0,0,100,100,100,100,100,100,100,100,100,100,100,100,100,100,100,100,16455806976,7068995584,7621189632,0
101,1708999707090,9280.277206420898,4350,0,1.35625,57355.01089477539,0,0,0,0,0,0,0,0,0,0,0,0,0,0,0,0,100,100,100,100,100,100,100,100,100,100,100,100,100,100,100,100,16455806976,7068995584,7622471680,0
110,1708999707192,7879.822448730469,1933.3333333333333,0,1.3625,57356.71144104004,0,0,0,0,0,0,0,0,0,0,0,0,0,0,0,0,100,100,100,100,100,100,100,100,100,100,100,100,100,100,100,100,16455806976,7068995584,7622324224,0
107,1708999707303,9280.587478637695,1933.3333333333333,0,1.39375,57358.14242553711,0,0,0,0,0,0,0,0,0,0,0,0,0,0,0,0,100,100,100,100,100,100,100,100,100,100,100,100,100,100,100,100,16455806976,7068995584,7621976064,0
105,1708999707411,9280.888412475586,1933.3333333333333,0,1.38125,57359.69041442871,0,0,0,0,0,0,0,0,0,0,0,0,0,0,0,0,100,100,100,100,100,100,100,100,100,100,100,100,100,100,100,100,16455806976,7068995584,7620808704,0
110,1708999707516,9281.10270690918,4350,0,1.375,57361.063400268555,0,0,0,0,0,0,0,0,0,0,0,0,0,0,0,0,100,100,100,100,100,100,100,100,100,100,100,100,100,100,100,100,16455806976,7068995584,7620415488,0
108,1708999707627,9281.255508422852,1780,1,1.39375,57362.627044677734,0,0,0,0,0,0,0,0,0,0,0,0,0,0,0,0,100,100,100,100,100,100,100,100,100,100,100,100,100,100,100,100,16455806976,7068995584,7620284416,0
108,1708999707736,9281.289611816406,4325,0,1.3875,57364.09230041504,0,0,0,0,0,0,0,0,0,0,0,0,0,0,0,0,100,100,100,100,100,100,100,100,100,100,100,100,100,100,100,100,16455806976,7068995584,7619891200,0
114,1708999707845,9281.458740234375,4325,0,1.39375,57365.58631896973,0,0,0,0,0,0,0,0,0,0,0,0,0,0,0,0,100,100,100,100,100,100,100,100,100,100,100,100,100,100,100,100,16455806976,7068995584,7619477504,0
101,1708999707960,9281.621078491211,1933.3333333333333,0,1.3875,57367.185806274414,0,0,0,0,0,0,0,0,0,0,0,0,0,0,0,0,100,100,100,100,100,100,100,100,100,100,100,100,100,100,100,100,16455806976,7068995584,7619911680,0
106,1708999708062,7881.340637207031,1933.3333333333333,0,1.34375,57368.63786315918,0,0,0,0,0,0,0,0,0,0,0,0,0,0,0,0,100,100,100,100,100,100,100,100,100,100,100,100,100,100,100,100,16455806976,7068995584,7622569984,0
106,1708999708169,9281.773818969727,4350,0,1.39375,57370.04089355469,0,0,0,0,0,0,0,0,0,0,0,0,0,0,0,0,100,100,100,100,100,100,100,100,100,100,100,100,100,100,100,100,16455806976,7068995584,7622393856,0
107,1708999708276,9281.921798706055,4350,0,1.38125,57371.43640136719,0,0,0,0,0,0,0,0,0,0,0,0,0,0,0,0,100,100,100,100,100,100,100,100,100,100,100,100,100,100,100,100,16455806976,7068995584,7622049792,0
111,1708999708383,9282.206481933594,4350,0,1.39375,57372.79783630371,0,0,0,0,0,0,0,0,0,0,0,0,0,0,0,0,100,100,100,100,100,100,100,100,100,100,100,100,100,100,100,100,16455806976,7068995584,7621193728,0
105,1708999708496,9282.397674560547,4350,0,1.3625,57374.474548339844,0,0,0,0,0,0,0,0,0,0,0,0,0,0,0,0,100,100,100,100,100,100,100,100,100,100,100,100,100,100,100,100,16455806976,7068995584,7620833280,0
110,1708999708602,9282.568756103516,4350,0,1.4,57376.151794433594,0,0,0,0,0,0,0,0,0,0,0,0,0,0,0,0,100,100,100,100,100,100,100,100,100,100,100,100,100,100,100,100,16455806976,7068995584,7620919296,0
107,1708999708713,9282.749542236328,4325,0,1.4125,57377.72204589844,0,0,0,0,0,0,0,0,0,0,0,0,0,0,0,0,100,100,100,100,100,100,100,100,100,100,100,100,100,100,100,100,16455806976,7068995584,7620562944,0
108,1708999708821,9283.029678344727,4350,0,1.39375,57379.12902832031,0,0,0,0,0,0,0,0,0,0,0,0,0,0,0,0,100,100,100,100,100,100,100,100,100,100,100,100,100,100,100,100,16455806976,7068995584,7620562944,0
104,1708999708929,9283.046356201172,1780,1,1.4125,57380.472900390625,0,0,0,0,0,0,0,0,0,0,0,0,0,0,0,0,100,100,100,100,100,100,100,100,100,100,100,100,100,100,100,100,16455806976,7068995584,7620079616,0
110,1708999709034,7783.473663330078,1933.3333333333333,0,1.39375,57381.83897399902,0,0,0,0,0,0,0,0,0,0,0,0,0,0,0,0,100,100,100,100,100,100,100,100,100,100,100,100,100,100,100,100,16455806976,7068995584,7621971968,0
115,1708999709144,9283.325775146484,1933.3333333333333,0,1.38125,57383.24848937988,0,0,0,0,0,0,0,0,0,0,0,0,0,0,0,0,100,100,100,100,100,100,100,100,100,100,100,100,100,100,100,100,16455806976,7068995584,7621820416,0
103,1708999709260,9283.46615600586,4350,0,1.35625,57384.675216674805,0,0,0,0,0,0,0,0,0,0,0,0,0,0,0,0,100,100,100,100,100,100,100,100,100,100,100,100,100,100,100,100,16455806976,7068995584,7621820416,0
100,1708999709364,7883.223846435547,4350,0,1.3875,57385.98336791992,0,0,0,0,0,0,0,0,0,0,0,0,0,0,0,0,100,100,100,100,100,100,100,100,100,100,100,100,100,100,100,100,16455806976,7068995584,7621877760,0
108,1708999709465,7783.869812011719,4325,0,1.35625,57387.09587097168,0,0,0,0,0,0,0,0,0,0,0,0,0,0,0,0,100,100,100,100,100,100,100,100,100,100,100,100,100,100,100,100,16455806976,7068995584,7622860800,0
105,1708999709573,9284.391998291016,4350,0,1.3625,57388.75019836426,0,0,0,0,0,0,0,0,0,0,0,0,0,0,0,0,100,100,100,100,100,100,100,100,100,100,100,100,100,100,100,100,16455806976,7068995584,7617941504,0
103,1708999709679,7883.563446044922,4350,0,1.39375,57390.128509521484,0,0,0,0,0,0,0,0,0,0,0,0,0,0,0,0,100,100,100,100,100,100,100,100,100,100,100,100,100,100,100,100,16455806976,7068995584,7617286144,0
107,1708999709784,9284.844116210938,4350,0,1.39375,57391.525451660156,0,0,0,0,0,0,0,0,0,0,0,0,0,0,0,0,100,100,100,100,100,100,100,100,100,100,100,100,100,100,100,100,16455806976,7068995584,7616868352,0
108,1708999709891,9285.057159423828,4350,0,1.38125,57393.102127075195,0,0,0,0,0,0,0,0,0,0,0,0,0,0,0,0,100,100,100,100,100,100,100,100,100,100,100,100,100,100,100,100,16455806976,7068995584,7617314816,0
106,1708999710000,9285.208297729492,4350,0,1.38125,57394.53958129883,0,0,0,0,0,0,0,0,0,0,0,0,0,0,0,0,100,100,100,100,100,100,100,100,100,100,100,100,100,100,100,100,16455806976,7068995584,7616901120,0
106,1708999710107,9285.604965209961,1780,1,1.38125,57396.25337219238,0,0,0,0,0,0,0,0,0,0,0,0,0,0,0,0,100,100,100,100,100,100,100,100,100,100,100,100,100,100,100,100,16455806976,7068995584,7621869568,0
106,1708999710214,9285.801376342773,1980,0,1.375,57397.821533203125,0,0,0,0,0,0,0,0,0,0,0,0,0,0,0,0,100,100,100,100,100,100,100,100,100,100,100,100,100,100,100,100,16455806976,7068995584,7621468160,0
112,1708999710320,9286.002624511719,4300,0,1.36875,57399.33935546875,0,0,0,0,0,0,0,0,0,0,0,0,0,0,0,0,100,100,100,100,100,100,100,100,100,100,100,100,100,100,100,100,16455806976,7068995584,7621468160,0
106,1708999710433,9286.221954345703,4325,0,1.38125,57401.1160736084,0,0,0,0,0,0,0,0,0,0,0,0,0,0,0,0,100,100,100,100,100,100,100,100,100,100,100,100,100,100,100,100,16455806976,7068995584,7621550080,0
101,1708999710540,7784.637069702148,4350,0,1.33125,57402.78819274902,0,0,0,0,0,0,0,0,0,0,0,0,0,0,0,0,100,100,100,100,100,100,100,100,100,100,100,100,100,100,100,100,16455806976,7068995584,7621529600,0
108,1708999710642,9286.63589477539,4300,0,1.375,57404.3946685791,0,0,0,0,0,0,0,0,0,0,0,0,0,0,0,0,100,100,100,100,100,100,100,100,100,100,100,100,100,100,100,100,16455806976,7068995584,7621591040,0
104,1708999710750,9286.806503295898,4325,0,1.38125,57405.884994506836,0,0,0,0,0,0,0,0,0,0,0,0,0,0,0,0,100,100,100,100,100,100,100,100,100,100,100,100,100,100,100,100,16455806976,7068995584,7621545984,0
102,1708999710855,9287.199249267578,4300,0,1.375,57407.41860961914,0,0,0,0,0,0,0,0,0,0,0,0,0,0,0,0,100,100,100,100,100,100,100,100,100,100,100,100,100,100,100,100,16455806976,7068995584,7620517888,0
103,1708999710958,9287.236831665039,4275,0,1.38125,57409.03485107422,0,0,0,0,0,0,0,0,0,0,0,0,0,0,0,0,100,100,100,100,100,100,100,100,100,100,100,100,100,100,100,100,16455806976,7068995584,7620141056,0
109,1708999711061,9287.256057739258,1780,1,1.36875,57410.66600036621,0,0,0,0,0,0,0,0,0,0,0,0,0,0,0,0,100,100,100,100,100,100,100,100,100,100,100,100,100,100,100,100,16455806976,7068995584,7622098944,0
106,1708999711171,7785.105880737305,4325,0,1.3625,57412.26029968262,0,0,0,0,0,0,0,0,0,0,0,0,0,0,0,0,100,100,100,100,100,100,100,100,100,100,100,100,100,100,100,100,16455806976,7068995584,7622098944,0
104,1708999711278,8381.454223632813,4325,0,1.3875,57413.881423950195,0,0,0,0,0,0,0,0,0,0,0,0,0,0,0,0,100,100,100,100,100,100,100,100,100,100,100,100,100,100,100,100,16455806976,7068995584,7621705728,0
107,1708999711383,9287.789901733398,1922.2222222222222,0,1.375,57415.45227050781,0,0,0,0,0,0,0,0,0,0,0,0,0,0,0,0,100,100,100,100,100,100,100,100,100,100,100,100,100,100,100,100,16455806976,7068995584,7620624384,0
110,1708999711490,9287.825485229492,4275,0,1.36875,57416.9637298584,0,0,0,0,0,0,0,0,0,0,0,0,0,0,0,0,100,100,100,100,100,100,100,100,100,100,100,100,100,100,100,100,16455806976,7068995584,7620624384,0
105,1708999711601,9288.012161254883,4325,0,1.38125,57418.60340881348,0,0,0,0,0,0,0,0,0,0,0,0,0,0,0,0,100,100,100,100,100,100,100,100,100,100,100,100,100,100,100,100,16455806976,7068995584,7620591616,0
105,1708999711707,9288.208374023438,4350,0,1.35,57420.23031616211,0,0,0,0,0,0,0,0,0,0,0,0,0,0,0,0,100,100,100,100,100,100,100,100,100,100,100,100,100,100,100,100,16455806976,7068995584,7620591616,0
107,1708999711813,9288.39926147461,4325,0,1.39375,57421.7619934082,0,0,0,0,0,0,0,0,0,0,0,0,0,0,0,0,100,100,100,100,100,100,100,100,100,100,100,100,100,100,100,100,16455806976,7068995584,7620214784,0
106,1708999711921,9288.746459960938,4300,0,1.375,57423.30390930176,0,0,0,0,0,0,0,0,0,0,0,0,0,0,0,0,100,100,100,100,100,100,100,100,100,100,100,100,100,100,100,100,16455806976,7068995584,7620546560,0
107,1708999712028,9288.907485961914,1650,2,1.36875,57424.906814575195,0,0,0,0,0,0,0,0,0,0,0,0,0,0,0,0,100,100,100,100,100,100,100,100,100,100,100,100,100,100,100,100,16455806976,7068995584,7620177920,0
108,1708999712136,9289.274230957031,4300,0,1.375,57427.18240356445,0,0,0,0,0,0,0,0,0,0,0,0,0,0,0,0,100,100,100,100,100,100,100,100,100,100,100,100,100,100,100,100,16455806976,7068995584,7621611520,0
106,1708999712244,9289.47265625,4325,0,1.36875,57428.74305725098,0,0,0,0,0,0,0,0,0,0,0,0,0,0,0,0,100,100,100,100,100,100,100,100,100,100,100,100,100,100,100,100,16455806976,7068995584,7621611520,0
107,1708999712351,9289.661315917969,4300,0,1.375,57430.19297790527,0,0,0,0,0,0,0,0,0,0,0,0,0,0,0,0,100,100,100,100,100,100,100,100,100,100,100,100,100,100,100,100,16455806976,7068995584,7621300224,0
106,1708999712459,9289.856140136719,4350,0,1.36875,57431.7159576416,0,0,0,0,0,0,0,0,0,0,0,0,0,0,0,0,100,100,100,100,100,100,100,100,100,100,100,100,100,100,100,100,16455806976,7068995584,7621439488,0
106,1708999712566,7889.463439941406,4350,0,1.35625,57433.20692443848,0,0,0,0,0,0,0,0,0,0,0,0,0,0,0,0,100,100,100,100,100,100,100,100,100,100,100,100,100,100,100,100,16455806976,7068995584,7621103616,0
106,1708999712673,9290.190063476563,4350,0,1.35625,57434.656494140625,0,0,0,0,0,0,0,0,0,0,0,0,0,0,0,0,100,100,100,100,100,100,100,100,100,100,100,100,100,100,100,100,16455806976,7068995584,7621275648,0
104,1708999712780,9290.363677978516,4350,0,1.375,57436.218673706055,0,0,0,0,0,0,0,0,0,0,0,0,0,0,0,0,100,100,100,100,100,100,100,100,100,100,100,100,100,100,100,100,16455806976,7068995584,7620902912,0
106,1708999712885,9290.622436523438,4350,0,1.39375,57437.56184387207,0,0,0,0,0,0,0,0,0,0,0,0,0,0,0,0,100,100,100,100,100,100,100,100,100,100,100,100,100,100,100,100,16455806976,7068995584,7620923392,0
104,1708999712991,9290.777603149414,4350,0,1.3875,57439.03935241699,0,0,0,0,0,0,0,0,0,0,0,0,0,0,0,0,100,100,100,100,100,100,100,100,100,100,100,100,100,100,100,100,16455806976,7068995584,7620538368,0
108,1708999713097,9290.923583984375,4350,0,1.39375,57440.40202331543,0,0,0,0,0,0,0,0,0,0,0,0,0,0,0,0,100,100,100,100,100,100,100,100,100,100,100,100,100,100,100,100,16455806976,7068995584,7622213632,0
107,1708999713206,9291.077117919922,4350,0,1.34375,57441.67140197754,0,0,0,0,0,0,0,0,0,0,0,0,0,0,0,0,100,100,100,100,100,100,100,100,100,100,100,100,100,100,100,100,16455806976,7068995584,7621562368,0
107,1708999713313,7786.669021606445,4350,0,1.375,57443.08888244629,0,0,0,0,0,0,0,0,0,0,0,0,0,0,0,0,100,100,100,100,100,100,100,100,100,100,100,100,100,100,100,100,16455806976,7068995584,7621165056,0
109,1708999713421,9291.331283569336,4350,0,1.4125,57444.43327331543,0,0,0,0,0,0,0,0,0,0,0,0,0,0,0,0,100,100,100,100,100,100,100,100,100,100,100,100,100,100,100,100,16455806976,7068995584,7621439488,0
109,1708999713531,9291.471542358398,4350,0,1.39375,57445.83399963379,0,0,0,0,0,0,0,0,0,0,0,0,0,0,0,0,100,100,100,100,100,100,100,100,100,100,100,100,100,100,100,100,16455806976,7068995584,7621095424,0
107,1708999713641,9291.729873657227,4325,0,1.4,57447.21269226074,0,0,0,0,0,0,0,0,0,0,0,0,0,0,0,0,100,100,100,100,100,100,100,100,100,100,100,100,100,100,100,100,16455806976,7068995584,7621279744,0
107,1708999713749,9291.864028930664,4325,0,1.38125,57448.66683959961,0,0,0,0,0,0,0,0,0,0,0,0,0,0,0,0,100,100,100,100,100,100,100,100,100,100,100,100,100,100,100,100,16455806976,7068995584,7621279744,0
102,1708999713857,9292.00634765625,4350,0,1.325,57450.02551269531,0,0,0,0,0,0,0,0,0,0,0,0,0,0,0,0,100,100,100,100,100,100,100,100,100,100,100,100,100,100,100,100,16455806976,7068995584,7621214208,0
111,1708999713960,9292.045043945313,4300,0,1.375,57451.54049682617,0,0,0,0,0,0,0,0,0,0,0,0,0,0,0,0,100,100,100,100,100,100,100,100,100,100,100,100,100,100,100,100,16455806976,7068995584,7620866048,0
106,1708999714071,7892.373992919922,4350,0,1.3875,57453.1266784668,0,0,0,0,0,0,0,0,0,0,0,0,0,0,0,0,100,100,100,100,100,100,100,100,100,100,100,100,100,100,100,100,16455806976,7068995584,7622598656,0
110,1708999714178,9292.348159790039,1933.3333333333333,0,1.3875,57454.43313598633,0,0,0,0,0,0,0,0,0,0,0,0,0,0,0,0,100,100,100,100,100,100,100,100,100,100,100,100,100,100,100,100,16455806976,7068995584,7621943296,0
107,1708999714288,9292.381240844727,4350,0,1.33125,57455.86958312988,0,0,0,0,0,0,0,0,0,0,0,0,0,0,0,0,100,100,100,100,100,100,100,100,100,100,100,100,100,100,100,100,16455806976,7068995584,7621550080,0
111,1708999714396,9292.521270751953,4350,0,1.36875,57457.23057556152,0,0,0,0,0,0,0,0,0,0,0,0,0,0,0,0,100,100,100,100,100,100,100,100,100,100,100,100,100,100,100,100,16455806976,7068995584,7621922816,0
106,1708999714508,9292.658172607422,4350,0,1.34375,57458.64978027344,0,0,0,0,0,0,0,0,0,0,0,0,0,0,0,0,100,100,100,100,100,100,100,100,100,100,100,100,100,100,100,100,16455806976,7068995584,7621922816,0
107,1708999714614,9292.794052124023,1933.3333333333333,0,1.39375,57460.13497924805,0,0,0,0,0,0,0,0,0,0,0,0,0,0,0,0,100,100,100,100,100,100,100,100,100,100,100,100,100,100,100,100,16455806976,7068995584,7622156288,0
106,1708999714722,9292.93766784668,4350,0,1.34375,57461.592529296875,0,0,0,0,0,0,0,0,0,0,0,0,0,0,0,0,100,100,100,100,100,100,100,100,100,100,100,100,100,100,100,100,16455806976,7068995584,7622156288,0
112,1708999714828,9293.08122253418,4350,0,1.38125,57463.0783996582,0,0,0,0,0,0,0,0,0,0,0,0,0,0,0,0,100,100,100,100,100,100,100,100,100,100,100,100,100,100,100,100,16455806976,7068995584,7622156288,0
106,1708999714941,9293.239532470703,4325,0,1.4,57464.628326416016,0,0,0,0,0,0,0,0,0,0,0,0,0,0,0,0,100,100,100,100,100,100,100,100,100,100,100,100,100,100,100,100,16455806976,7068995584,7621017600,0
108,1708999715048,7893.797592163086,1933.3333333333333,0,1.4,57466.059005737305,0,0,0,0,0,0,0,0,0,0,0,0,0,0,0,0,100,100,100,100,100,100,100,100,100,100,100,100,100,100,100,100,16455806976,7068995584,7621627904,0
106,1708999715156,9293.521896362305,4325,0,1.325,57467.45574951172,0,0,0,0,0,0,0,0,0,0,0,0,0,0,0,0,100,100,100,100,100,100,100,100,100,100,100,100,100,100,100,100,16455806976,7068995584,7621984256,0
111,1708999715263,7788.0985107421875,4350,0,1.35625,57468.897201538086,0,0,0,0,0,0,0,0,0,0,0,0,0,0,0,0,100,100,100,100,100,100,100,100,100,100,100,100,100,100,100,100,16455806976,7068995584,7621554176,0
106,1708999715374,9293.958923339844,4350,0,1.34375,57470.2491607666,0,0,0,0,0,0,0,0,0,0,0,0,0,0,0,0,100,100,100,100,100,100,100,100,100,100,100,100,100,100,100,100,16455806976,7068995584,7621558272,0
108,1708999715481,8383.875503540039,1780,1,1.39375,57471.6083984375,0,0,0,0,0,0,0,0,0,0,0,0,0,0,0,0,100,100,100,100,100,100,100,100,100,100,100,100,100,100,100,100,16455806976,7068995584,7621136384,0
111,1708999715589,9294.226959228516,1933.3333333333333,0,1.34375,57472.910415649414,0,0,0,0,0,0,0,0,0,0,0,0,0,0,0,0,100,100,100,100,100,100,100,100,100,100,100,100,100,100,100,100,16455806976,7068995584,7621136384,0
107,1708999715701,9294.416305541992,4350,0,1.39375,57474.47415161133,0,0,0,0,0,0,0,0,0,0,0,0,0,0,0,0,100,100,100,100,100,100,100,100,100,100,100,100,100,100,100,100,16455806976,7068995584,7620472832,0
105,1708999715810,9294.673110961914,1933.3333333333333,0,1.3875,57475.89448547363,0,0,0,0,0,0,0,0,0,0,0,0,0,0,0,0,100,100,100,100,100,100,100,100,100,100,100,100,100,100,100,100,16455806976,7068995584,7620050944,0
111,1708999715916,7788.5394287109375,1980,0,1.39375,57477.26382446289,0,0,0,0,0,0,0,0,0,0,0,0,0,0,0,0,100,100,100,100,100,100,100,100,100,100,100,100,100,100,100,100,16455806976,7068995584,7620485120,0
102,1708999716028,9294.945205688477,4325,0,1.4,57478.906814575195,0,0,0,0,0,0,0,0,0,0,0,0,0,0,0,0,100,100,100,100,100,100,100,100,100,100,100,100,100,100,100,100,16455806976,7068995584,7620059136,0
109,1708999716130,9295.0927734375,4325,0,1.4,57480.31872558594,0,0,0,0,0,0,0,0,0,0,0,0,0,0,0,0,100,100,100,100,100,100,100,100,100,100,100,100,100,100,100,100,16455806976,7068995584,7621595136,0
111,1708999716240,9295.121475219727,4300,0,1.3875,57481.837310791016,0,0,0,0,0,0,0,0,0,0,0,0,0,0,0,0,100,100,100,100,100,100,100,100,100,100,100,100,100,100,100,100,16455806976,7068995584,7621226496,0
107,1708999716351,9295.267303466797,4325,0,1.3875,57483.36137390137,0,0,0,0,0,0,0,0,0,0,0,0,0,0,0,0,100,100,100,100,100,100,100,100,100,100,100,100,100,100,100,100,16455806976,7068995584,7620988928,0
110,1708999716459,9295.417938232422,4350,0,1.36875,57484.86064147949,0,0,0,0,0,0,0,0,0,0,0,0,0,0,0,0,100,100,100,100,100,100,100,100,100,100,100,100,100,100,100,100,16455806976,7068995584,7621005312,0
106,1708999716570,9295.556838989258,4350,0,1.35,57486.37016296387,0,0,0,0,0,0,0,0,0,0,0,0,0,0,0,0,100,100,100,100,100,100,100,100,100,100,100,100,100,100,100,100,16455806976,7068995584,7620186112,0
106,1708999716677,9295.70149230957,4350,0,1.375,57487.7922668457,0,0,0,0,0,0,0,0,0,0,0,0,0,0,0,0,100,100,100,100,100,100,100,100,100,100,100,100,100,100,100,100,16455806976,7068995584,7620030464,0
106,1708999716783,9296.029510498047,4350,0,1.36875,57489.19613647461,0,0,0,0,0,0,0,0,0,0,0,0,0,0,0,0,100,100,100,100,100,100,100,100,100,100,100,100,100,100,100,100,16455806976,7068995584,7619608576,0
106,1708999716890,7789.165374755859,1922.2222222222222,0,1.3875,57490.623931884766,0,0,0,0,0,0,0,0,0,0,0,0,0,0,0,0,100,100,100,100,100,100,100,100,100,100,100,100,100,100,100,100,16455806976,7068995584,7619215360,0
107,1708999716998,9296.399551391602,1933.3333333333333,0,1.375,57492.2333984375,0,0,0,0,0,0,0,0,0,0,0,0,0,0,0,0,100,100,100,100,100,100,100,100,100,100,100,100,100,100,100,100,16455806976,7068995584,7619137536,0
106,1708999717105,9296.431640625,4350,0,1.34375,57493.804122924805,0,0,0,0,0,0,0,0,0,0,0,0,0,0,0,0,100,100,100,100,100,100,100,100,100,100,100,100,100,100,100,100,16455806976,7068995584,7622266880,0
108,1708999717212,9296.590606689453,4350,0,1.3875,57495.19177246094,0,0,0,0,0,0,0,0,0,0,0,0,0,0,0,0,100,100,100,100,100,100,100,100,100,100,100,100,100,100,100,100,16455806976,7068995584,7622266880,0
104,1708999717321,8930.921112060547,4325,0,1.33125,57496.62062072754,0,0,0,0,0,0,0,0,0,0,0,0,0,0,0,0,100,100,100,100,100,100,100,100,100,100,100,100,100,100,100,100,16455806976,7068995584,7622246400,0
100,1708999717426,7898.457672119141,3600,0,1.0375,57497.36769104004,0,0,0,0,0,0,0,0,0,0,0,0,0,0,0,0,100,100,100,100,100,100,100,100,100,100,100,100,100,100,100,100,16455806976,7068995584,7518633984,0
107,1708999717527,9296.637252807617,3600,0,1.0437500000000002,57497.69883728027,0,0,0,0,0,0,0,0,0,0,0,0,0,0,0,0,100,100,100,100,100,100,100,100,100,100,100,100,100,100,100,100,16455806976,7068995584,7518633984,0
109,1708999717635,8384.492691040039,1650,2,1.05,57497.99760437012,0,0,0,0,0,0,0,0,0,0,0,0,0,0,0,0,100,100,100,100,100,100,100,100,100,100,100,100,100,100,100,100,16455806976,7068995584,7518093312,0
110,1708999717745,9296.6552734375,3600,0,1.06875,57498.296966552734,0,0,0,0,0,0,0,0,0,0,0,0,0,0,0,0,100,100,100,100,100,100,100,100,100,100,100,100,100,100,100,100,16455806976,7068995584,7518093312,0
110,1708999717855,9296.665756225586,3600,0,1.03125,57498.56636047363,0,0,0,0,0,0,0,0,0,0,0,0,0,0,0,0,100,100,100,100,100,100,100,100,100,100,100,100,100,100,100,100,16455806976,7068995584,7517671424,0
104,1708999717966,9296.680648803711,3600,0,1.025,57498.80599975586,0,0,0,0,0,0,0,0,0,0,0,0,0,0,0,0,100,100,100,100,100,100,100,100,100,100,100,100,100,100,100,100,16455806976,7068995584,7517667328,0
101,1708999718070,10050.77377319336,4350,0,1.35,57500.5818939209,0,0,0,0,0,0,0,0,0,0,0,0,0,0,0,0,100,100,100,100,100,100,100,100,100,100,100,100,100,100,100,100,16455806976,7068995584,7040917504,0
114,1708999718171,8534.928146362305,4325,0,1.35625,57502.82305908203,0,0,0,0,0,0,0,0,0,0,0,0,0,0,0,0,100,100,100,100,100,100,100,100,100,100,100,100,100,100,100,100,16455806976,7068995584,7002624000,0
